-2.2,-2.2,4966.4000000000015
-2.2,-1.7800000000000002,4392.680000000001
-2.2,-1.3600000000000003,3854.240000000001
-2.2,-0.9400000000000004,3351.0800000000013
-2.2,-0.5200000000000005,2883.200000000001
-2.2,-0.10000000000000048,2450.600000000001
-2.2,0.3199999999999995,2053.280000000001
-2.2,0.7399999999999995,1691.2400000000014
-2.2,1.1599999999999995,1364.4800000000012
-2.2,1.5799999999999994,1073.000000000001
-2.2,1.9999999999999993,816.8000000000009
-1.7800000000000002,-2.2,2889.700256000001
-1.7800000000000002,-1.7800000000000002,2456.3946560000013
-1.7800000000000002,-1.3600000000000003,2058.3690560000014
-1.7800000000000002,-0.9400000000000004,1695.623456000001
-1.7800000000000002,-0.5200000000000005,1368.157856000001
-1.7800000000000002,-0.10000000000000048,1075.972256000001
-1.7800000000000002,0.3199999999999995,819.0666560000009
-1.7800000000000002,0.7399999999999995,597.4410560000008
-1.7800000000000002,1.1599999999999995,411.09545600000075
-1.7800000000000002,1.5799999999999994,260.0298560000005
-1.7800000000000002,1.9999999999999993,144.24425600000038
-1.3600000000000003,-2.2,1645.4956160000008
-1.3600000000000003,-1.7800000000000002,1322.9692160000006
-1.3600000000000003,-1.3600000000000003,1035.7228160000006
-1.3600000000000003,-0.9400000000000004,783.7564160000006
-1.3600000000000003,-0.5200000000000005,567.0700160000006
-1.3600000000000003,-0.10000000000000048,385.6636160000005
-1.3600000000000003,0.3199999999999995,239.5372160000004
-1.3600000000000003,0.7399999999999995,128.69081600000027
-1.3600000000000003,1.1599999999999995,53.12441600000018
-1.3600000000000003,1.5799999999999994,12.838016000000076
-1.3600000000000003,1.9999999999999993,7.831615999999958
-0.9400000000000004,-2.2,954.6224960000006
-0.9400000000000004,-1.7800000000000002,713.2400960000006
-0.9400000000000004,-1.3600000000000003,507.1376960000006
-0.9400000000000004,-0.9400000000000004,336.31529600000044
-0.9400000000000004,-0.5200000000000005,200.77289600000037
-0.9400000000000004,-0.10000000000000048,100.51049600000022
-0.9400000000000004,0.3199999999999995,35.52809600000014
-0.9400000000000004,0.7399999999999995,5.825696000000035
-0.9400000000000004,1.1599999999999995,11.403295999999933
-0.9400000000000004,1.5799999999999994,52.260895999999825
-0.9400000000000004,1.9999999999999993,128.3984959999997
-0.5200000000000005,-2.2,612.5980160000003
-0.5200000000000005,-1.7800000000000002,422.72441600000025
-0.5200000000000005,-1.3600000000000003,268.13081600000027
-0.5200000000000005,-0.9400000000000004,148.8172160000002
-0.5200000000000005,-0.5200000000000005,64.78361600000014
-0.5200000000000005,-0.10000000000000048,16.030016000000074
-0.5200000000000005,0.3199999999999995,2.5564159999999916
-0.5200000000000005,0.7399999999999995,24.362815999999913
-0.5200000000000005,1.1599999999999995,81.44921599999984
-0.5200000000000005,1.5799999999999994,173.81561599999975
-0.5200000000000005,1.9999999999999993,301.46201599999966
-0.10000000000000048,-2.2,489.6200000000002
-0.10000000000000048,-1.7800000000000002,321.62000000000006
-0.10000000000000048,-1.3600000000000003,188.9000000000001
-0.10000000000000048,-0.9400000000000004,91.46000000000011
-0.10000000000000048,-0.5200000000000005,29.30000000000006
-0.10000000000000048,-0.10000000000000048,2.4200000000000133
-0.10000000000000048,0.3199999999999995,10.819999999999963
-0.10000000000000048,0.7399999999999995,54.499999999999915
-0.10000000000000048,1.1599999999999995,133.45999999999987
-0.10000000000000048,1.5799999999999994,247.69999999999985
-0.10000000000000048,1.9999999999999993,397.21999999999974
0.3199999999999995,-2.2,530.566976
0.3199999999999995,-1.7800000000000002,354.80537599999997
0.3199999999999995,-1.3600000000000003,214.32377599999998
0.3199999999999995,-0.9400000000000004,109.12217600000001
0.3199999999999995,-0.5200000000000005,39.20057600000003
0.3199999999999995,-0.10000000000000048,4.5589760000000075
0.3199999999999995,0.3199999999999995,5.197375999999993
0.3199999999999995,0.7399999999999995,41.11577599999998
0.3199999999999995,1.1599999999999995,112.31417599999999
0.3199999999999995,1.5799999999999994,218.79257599999997
0.3199999999999995,1.9999999999999993,360.5509759999999
0.7399999999999995,-2.2,754.9981759999996
0.7399999999999995,-1.7800000000000002,541.8397759999997
0.7399999999999995,-1.3600000000000003,363.96137599999986
0.7399999999999995,-0.9400000000000004,221.36297599999986
0.7399999999999995,-0.5200000000000005,114.04457599999992
0.7399999999999995,-0.10000000000000048,42.00617599999997
0.7399999999999995,0.3199999999999995,5.247775999999992
0.7399999999999995,0.7399999999999995,3.7693760000000096
0.7399999999999995,1.1599999999999995,37.57097600000002
0.7399999999999995,1.5799999999999994,106.65257599999998
0.7399999999999995,1.9999999999999993,211.014176
1.1599999999999995,-2.2,1257.1535359999993
1.1599999999999995,-1.7800000000000002,976.9631359999995
1.1599999999999995,-1.3600000000000003,732.0527359999995
1.1599999999999995,-0.9400000000000004,522.4223359999996
1.1599999999999995,-0.5200000000000005,348.0719359999997
1.1599999999999995,-0.10000000000000048,209.00153599999982
1.1599999999999995,0.3199999999999995,105.21113599999987
1.1599999999999995,0.7399999999999995,36.70073599999991
1.1599999999999995,1.1599999999999995,3.4703359999999743
1.1599999999999995,1.5799999999999994,5.519936000000029
1.1599999999999995,1.9999999999999993,42.849536000000064
1.5799999999999994,-2.2,2205.9536959999987
1.5799999999999994,-1.7800000000000002,1829.096095999999
1.5799999999999994,-1.3600000000000003,1487.5184959999988
1.5799999999999994,-0.9400000000000004,1181.220895999999
1.5799999999999994,-0.5200000000000005,910.2032959999992
1.5799999999999994,-0.10000000000000048,674.4656959999993
1.5799999999999994,0.3199999999999995,474.00809599999945
1.5799999999999994,0.7399999999999995,308.8304959999995
1.5799999999999994,1.1599999999999995,178.93289599999966
1.5799999999999994,1.5799999999999994,84.31529599999976
1.5799999999999994,1.9999999999999993,24.97769599999988
1.9999999999999993,-2.2,3844.999999999997
1.9999999999999993,-1.7800000000000002,3341.8399999999974
1.9999999999999993,-1.3600000000000003,2873.9599999999978
1.9999999999999993,-0.9400000000000004,2441.3599999999974
1.9999999999999993,-0.5200000000000005,2044.0399999999981
1.9999999999999993,-0.10000000000000048,1681.9999999999982
1.9999999999999993,0.3199999999999995,1355.2399999999984
1.9999999999999993,0.7399999999999995,1063.7599999999986
1.9999999999999993,1.1599999999999995,807.5599999999989
1.9999999999999993,1.5799999999999994,586.6399999999991
1.9999999999999993,1.9999999999999993,400.9999999999992
