-2.2,-2.2,-2.2,9932.800000000003
-2.2,-2.2,-1.7800000000000002,9359.080000000002
-2.2,-2.2,-1.3600000000000003,8820.640000000003
-2.2,-2.2,-0.9400000000000004,8317.480000000003
-2.2,-2.2,-0.5200000000000005,7849.600000000002
-2.2,-2.2,-0.10000000000000048,7417.000000000002
-2.2,-2.2,0.3199999999999995,7019.680000000002
-2.2,-2.2,0.7399999999999995,6657.640000000003
-2.2,-2.2,1.1599999999999995,6330.880000000003
-2.2,-2.2,1.5799999999999994,6039.400000000002
-2.2,-2.2,1.9999999999999993,5783.200000000003
-2.2,-1.7800000000000002,-2.2,7282.380256000002
-2.2,-1.7800000000000002,-1.7800000000000002,6849.0746560000025
-2.2,-1.7800000000000002,-1.3600000000000003,6451.049056000003
-2.2,-1.7800000000000002,-0.9400000000000004,6088.303456000002
-2.2,-1.7800000000000002,-0.5200000000000005,5760.837856000002
-2.2,-1.7800000000000002,-0.10000000000000048,5468.652256000002
-2.2,-1.7800000000000002,0.3199999999999995,5211.746656000002
-2.2,-1.7800000000000002,0.7399999999999995,4990.121056000002
-2.2,-1.7800000000000002,1.1599999999999995,4803.775456000002
-2.2,-1.7800000000000002,1.5799999999999994,4652.709856000001
-2.2,-1.7800000000000002,1.9999999999999993,4536.924256000001
-2.2,-1.3600000000000003,-2.2,5499.735616000002
-2.2,-1.3600000000000003,-1.7800000000000002,5177.209216000002
-2.2,-1.3600000000000003,-1.3600000000000003,4889.962816000002
-2.2,-1.3600000000000003,-0.9400000000000004,4637.996416000002
-2.2,-1.3600000000000003,-0.5200000000000005,4421.310016000001
-2.2,-1.3600000000000003,-0.10000000000000048,4239.903616000001
-2.2,-1.3600000000000003,0.3199999999999995,4093.7772160000013
-2.2,-1.3600000000000003,0.7399999999999995,3982.9308160000014
-2.2,-1.3600000000000003,1.1599999999999995,3907.3644160000013
-2.2,-1.3600000000000003,1.5799999999999994,3867.0780160000013
-2.2,-1.3600000000000003,1.9999999999999993,3862.071616000001
-2.2,-0.9400000000000004,-2.2,4305.702496000002
-2.2,-0.9400000000000004,-1.7800000000000002,4064.3200960000017
-2.2,-0.9400000000000004,-1.3600000000000003,3858.217696000002
-2.2,-0.9400000000000004,-0.9400000000000004,3687.3952960000015
-2.2,-0.9400000000000004,-0.5200000000000005,3551.8528960000017
-2.2,-0.9400000000000004,-0.10000000000000048,3451.5904960000016
-2.2,-0.9400000000000004,0.3199999999999995,3386.6080960000013
-2.2,-0.9400000000000004,0.7399999999999995,3356.905696000001
-2.2,-0.9400000000000004,1.1599999999999995,3362.4832960000012
-2.2,-0.9400000000000004,1.5799999999999994,3403.340896000001
-2.2,-0.9400000000000004,1.9999999999999993,3479.478496000001
-2.2,-0.5200000000000005,-2.2,3495.7980160000016
-2.2,-0.5200000000000005,-1.7800000000000002,3305.9244160000017
-2.2,-0.5200000000000005,-1.3600000000000003,3151.3308160000015
-2.2,-0.5200000000000005,-0.9400000000000004,3032.0172160000016
-2.2,-0.5200000000000005,-0.5200000000000005,2947.9836160000013
-2.2,-0.5200000000000005,-0.10000000000000048,2899.2300160000013
-2.2,-0.5200000000000005,0.3199999999999995,2885.756416000001
-2.2,-0.5200000000000005,0.7399999999999995,2907.562816000001
-2.2,-0.5200000000000005,1.1599999999999995,2964.649216000001
-2.2,-0.5200000000000005,1.5799999999999994,3057.015616000001
-2.2,-0.5200000000000005,1.9999999999999993,3184.6620160000007
-2.2,-0.10000000000000048,-2.2,2940.220000000001
-2.2,-0.10000000000000048,-1.7800000000000002,2772.2200000000007
-2.2,-0.10000000000000048,-1.3600000000000003,2639.500000000001
-2.2,-0.10000000000000048,-0.9400000000000004,2542.060000000001
-2.2,-0.10000000000000048,-0.5200000000000005,2479.900000000001
-2.2,-0.10000000000000048,-0.10000000000000048,2453.020000000001
-2.2,-0.10000000000000048,0.3199999999999995,2461.420000000001
-2.2,-0.10000000000000048,0.7399999999999995,2505.100000000001
-2.2,-0.10000000000000048,1.1599999999999995,2584.060000000001
-2.2,-0.10000000000000048,1.5799999999999994,2698.3000000000006
-2.2,-0.10000000000000048,1.9999999999999993,2847.8200000000006
-2.2,0.3199999999999995,-2.2,2583.846976000001
-2.2,0.3199999999999995,-1.7800000000000002,2408.085376000001
-2.2,0.3199999999999995,-1.3600000000000003,2267.6037760000013
-2.2,0.3199999999999995,-0.9400000000000004,2162.402176000001
-2.2,0.3199999999999995,-0.5200000000000005,2092.4805760000013
-2.2,0.3199999999999995,-0.10000000000000048,2057.838976000001
-2.2,0.3199999999999995,0.3199999999999995,2058.477376000001
-2.2,0.3199999999999995,0.7399999999999995,2094.395776000001
-2.2,0.3199999999999995,1.1599999999999995,2165.594176000001
-2.2,0.3199999999999995,1.5799999999999994,2272.072576000001
-2.2,0.3199999999999995,1.9999999999999993,2413.830976000001
-2.2,0.7399999999999995,-2.2,2446.2381760000007
-2.2,0.7399999999999995,-1.7800000000000002,2233.079776000001
-2.2,0.7399999999999995,-1.3600000000000003,2055.2013760000013
-2.2,0.7399999999999995,-0.9400000000000004,1912.6029760000013
-2.2,0.7399999999999995,-0.5200000000000005,1805.2845760000014
-2.2,0.7399999999999995,-0.10000000000000048,1733.2461760000012
-2.2,0.7399999999999995,0.3199999999999995,1696.4877760000013
-2.2,0.7399999999999995,0.7399999999999995,1695.0093760000013
-2.2,0.7399999999999995,1.1599999999999995,1728.8109760000013
-2.2,0.7399999999999995,1.5799999999999994,1797.8925760000013
-2.2,0.7399999999999995,1.9999999999999993,1902.2541760000013
-2.2,1.1599999999999995,-2.2,2621.6335360000003
-2.2,1.1599999999999995,-1.7800000000000002,2341.443136000001
-2.2,1.1599999999999995,-1.3600000000000003,2096.5327360000006
-2.2,1.1599999999999995,-0.9400000000000004,1886.9023360000008
-2.2,1.1599999999999995,-0.5200000000000005,1712.5519360000008
-2.2,1.1599999999999995,-0.10000000000000048,1573.481536000001
-2.2,1.1599999999999995,0.3199999999999995,1469.691136000001
-2.2,1.1599999999999995,0.7399999999999995,1401.1807360000012
-2.2,1.1599999999999995,1.1599999999999995,1367.950336000001
-2.2,1.1599999999999995,1.5799999999999994,1369.999936000001
-2.2,1.1599999999999995,1.9999999999999993,1407.3295360000013
-2.2,1.5799999999999994,-2.2,3278.9536959999996
-2.2,1.5799999999999994,-1.7800000000000002,2902.096096
-2.2,1.5799999999999994,-1.3600000000000003,2560.5184959999997
-2.2,1.5799999999999994,-0.9400000000000004,2254.220896
-2.2,1.5799999999999994,-0.5200000000000005,1983.2032960000001
-2.2,1.5799999999999994,-0.10000000000000048,1747.4656960000002
-2.2,1.5799999999999994,0.3199999999999995,1547.0080960000005
-2.2,1.5799999999999994,0.7399999999999995,1381.8304960000005
-2.2,1.5799999999999994,1.1599999999999995,1251.9328960000005
-2.2,1.5799999999999994,1.5799999999999994,1157.3152960000007
-2.2,1.5799999999999994,1.9999999999999993,1097.9776960000008
-2.2,1.9999999999999993,-2.2,4661.799999999997
-2.2,1.9999999999999993,-1.7800000000000002,4158.6399999999985
-2.2,1.9999999999999993,-1.3600000000000003,3690.7599999999984
-2.2,1.9999999999999993,-0.9400000000000004,3258.159999999998
-2.2,1.9999999999999993,-0.5200000000000005,2860.8399999999992
-2.2,1.9999999999999993,-0.10000000000000048,2498.7999999999993
-2.2,1.9999999999999993,0.3199999999999995,2172.039999999999
-2.2,1.9999999999999993,0.7399999999999995,1880.5599999999995
-2.2,1.9999999999999993,1.1599999999999995,1624.3599999999997
-2.2,1.9999999999999993,1.5799999999999994,1403.44
-2.2,1.9999999999999993,1.9999999999999993,1217.8000000000002
-1.7800000000000002,-2.2,-2.2,7856.100256000002
-1.7800000000000002,-2.2,-1.7800000000000002,7282.380256000002
-1.7800000000000002,-2.2,-1.3600000000000003,6743.940256000002
-1.7800000000000002,-2.2,-0.9400000000000004,6240.780256000002
-1.7800000000000002,-2.2,-0.5200000000000005,5772.900256000003
-1.7800000000000002,-2.2,-0.10000000000000048,5340.300256000002
-1.7800000000000002,-2.2,0.3199999999999995,4942.980256000003
-1.7800000000000002,-2.2,0.7399999999999995,4580.940256000003
-1.7800000000000002,-2.2,1.1599999999999995,4254.180256000002
-1.7800000000000002,-2.2,1.5799999999999994,3962.700256000002
-1.7800000000000002,-2.2,1.9999999999999993,3706.500256000002
-1.7800000000000002,-1.7800000000000002,-2.2,5346.094912000002
-1.7800000000000002,-1.7800000000000002,-1.7800000000000002,4912.789312000003
-1.7800000000000002,-1.7800000000000002,-1.3600000000000003,4514.763712000003
-1.7800000000000002,-1.7800000000000002,-0.9400000000000004,4152.0181120000025
-1.7800000000000002,-1.7800000000000002,-0.5200000000000005,3824.552512000002
-1.7800000000000002,-1.7800000000000002,-0.10000000000000048,3532.3669120000022
-1.7800000000000002,-1.7800000000000002,0.3199999999999995,3275.461312000002
-1.7800000000000002,-1.7800000000000002,0.7399999999999995,3053.835712000002
-1.7800000000000002,-1.7800000000000002,1.1599999999999995,2867.4901120000022
-1.7800000000000002,-1.7800000000000002,1.5799999999999994,2716.424512000002
-1.7800000000000002,-1.7800000000000002,1.9999999999999993,2600.6389120000017
-1.7800000000000002,-1.3600000000000003,-2.2,3703.8646720000024
-1.7800000000000002,-1.3600000000000003,-1.7800000000000002,3381.338272000002
-1.7800000000000002,-1.3600000000000003,-1.3600000000000003,3094.091872000002
-1.7800000000000002,-1.3600000000000003,-0.9400000000000004,2842.125472000002
-1.7800000000000002,-1.3600000000000003,-0.5200000000000005,2625.439072000002
-1.7800000000000002,-1.3600000000000003,-0.10000000000000048,2444.032672000002
-1.7800000000000002,-1.3600000000000003,0.3199999999999995,2297.906272000002
-1.7800000000000002,-1.3600000000000003,0.7399999999999995,2187.0598720000016
-1.7800000000000002,-1.3600000000000003,1.1599999999999995,2111.4934720000015
-1.7800000000000002,-1.3600000000000003,1.5799999999999994,2071.2070720000015
-1.7800000000000002,-1.3600000000000003,1.9999999999999993,2066.2006720000013
-1.7800000000000002,-0.9400000000000004,-2.2,2650.2459520000016
-1.7800000000000002,-0.9400000000000004,-1.7800000000000002,2408.8635520000016
-1.7800000000000002,-0.9400000000000004,-1.3600000000000003,2202.7611520000014
-1.7800000000000002,-0.9400000000000004,-0.9400000000000004,2031.9387520000014
-1.7800000000000002,-0.9400000000000004,-0.5200000000000005,1896.3963520000013
-1.7800000000000002,-0.9400000000000004,-0.10000000000000048,1796.133952000001
-1.7800000000000002,-0.9400000000000004,0.3199999999999995,1731.1515520000012
-1.7800000000000002,-0.9400000000000004,0.7399999999999995,1701.449152000001
-1.7800000000000002,-0.9400000000000004,1.1599999999999995,1707.026752000001
-1.7800000000000002,-0.9400000000000004,1.5799999999999994,1747.8843520000007
-1.7800000000000002,-0.9400000000000004,1.9999999999999993,1824.0219520000007
-1.7800000000000002,-0.5200000000000005,-2.2,1980.755872000001
-1.7800000000000002,-0.5200000000000005,-1.7800000000000002,1790.8822720000012
-1.7800000000000002,-0.5200000000000005,-1.3600000000000003,1636.2886720000013
-1.7800000000000002,-0.5200000000000005,-0.9400000000000004,1516.975072000001
-1.7800000000000002,-0.5200000000000005,-0.5200000000000005,1432.941472000001
-1.7800000000000002,-0.5200000000000005,-0.10000000000000048,1384.187872000001
-1.7800000000000002,-0.5200000000000005,0.3199999999999995,1370.7142720000008
-1.7800000000000002,-0.5200000000000005,0.7399999999999995,1392.5206720000008
-1.7800000000000002,-0.5200000000000005,1.1599999999999995,1449.6070720000007
-1.7800000000000002,-0.5200000000000005,1.5799999999999994,1541.9734720000006
-1.7800000000000002,-0.5200000000000005,1.9999999999999993,1669.6198720000007
-1.7800000000000002,-0.10000000000000048,-2.2,1565.592256000001
-1.7800000000000002,-0.10000000000000048,-1.7800000000000002,1397.592256000001
-1.7800000000000002,-0.10000000000000048,-1.3600000000000003,1264.872256000001
-1.7800000000000002,-0.10000000000000048,-0.9400000000000004,1167.432256000001
-1.7800000000000002,-0.10000000000000048,-0.5200000000000005,1105.2722560000009
-1.7800000000000002,-0.10000000000000048,-0.10000000000000048,1078.392256000001
-1.7800000000000002,-0.10000000000000048,0.3199999999999995,1086.7922560000009
-1.7800000000000002,-0.10000000000000048,0.7399999999999995,1130.472256000001
-1.7800000000000002,-0.10000000000000048,1.1599999999999995,1209.4322560000007
-1.7800000000000002,-0.10000000000000048,1.5799999999999994,1323.6722560000007
-1.7800000000000002,-0.10000000000000048,1.9999999999999993,1473.1922560000007
-1.7800000000000002,0.3199999999999995,-2.2,1349.633632000001
-1.7800000000000002,0.3199999999999995,-1.7800000000000002,1173.872032000001
-1.7800000000000002,0.3199999999999995,-1.3600000000000003,1033.3904320000008
-1.7800000000000002,0.3199999999999995,-0.9400000000000004,928.1888320000008
-1.7800000000000002,0.3199999999999995,-0.5200000000000005,858.267232000001
-1.7800000000000002,0.3199999999999995,-0.10000000000000048,823.6256320000009
-1.7800000000000002,0.3199999999999995,0.3199999999999995,824.2640320000008
-1.7800000000000002,0.3199999999999995,0.7399999999999995,860.1824320000009
-1.7800000000000002,0.3199999999999995,1.1599999999999995,931.3808320000009
-1.7800000000000002,0.3199999999999995,1.5799999999999994,1037.859232000001
-1.7800000000000002,0.3199999999999995,1.9999999999999993,1179.6176320000009
-1.7800000000000002,0.7399999999999995,-2.2,1352.4392320000004
-1.7800000000000002,0.7399999999999995,-1.7800000000000002,1139.2808320000004
-1.7800000000000002,0.7399999999999995,-1.3600000000000003,961.4024320000007
-1.7800000000000002,0.7399999999999995,-0.9400000000000004,818.8040320000007
-1.7800000000000002,0.7399999999999995,-0.5200000000000005,711.4856320000007
-1.7800000000000002,0.7399999999999995,-0.10000000000000048,639.4472320000008
-1.7800000000000002,0.7399999999999995,0.3199999999999995,602.6888320000008
-1.7800000000000002,0.7399999999999995,0.7399999999999995,601.2104320000008
-1.7800000000000002,0.7399999999999995,1.1599999999999995,635.0120320000008
-1.7800000000000002,0.7399999999999995,1.5799999999999994,704.0936320000008
-1.7800000000000002,0.7399999999999995,1.9999999999999993,808.4552320000008
-1.7800000000000002,1.1599999999999995,-2.2,1668.248992
-1.7800000000000002,1.1599999999999995,-1.7800000000000002,1388.0585920000003
-1.7800000000000002,1.1599999999999995,-1.3600000000000003,1143.1481920000003
-1.7800000000000002,1.1599999999999995,-0.9400000000000004,933.5177920000003
-1.7800000000000002,1.1599999999999995,-0.5200000000000005,759.1673920000005
-1.7800000000000002,1.1599999999999995,-0.10000000000000048,620.0969920000006
-1.7800000000000002,1.1599999999999995,0.3199999999999995,516.3065920000006
-1.7800000000000002,1.1599999999999995,0.7399999999999995,447.79619200000064
-1.7800000000000002,1.1599999999999995,1.1599999999999995,414.5657920000007
-1.7800000000000002,1.1599999999999995,1.5799999999999994,416.6153920000008
-1.7800000000000002,1.1599999999999995,1.9999999999999993,453.9449920000008
-1.7800000000000002,1.5799999999999994,-2.2,2465.9835519999992
-1.7800000000000002,1.5799999999999994,-1.7800000000000002,2089.1259519999994
-1.7800000000000002,1.5799999999999994,-1.3600000000000003,1747.5483519999993
-1.7800000000000002,1.5799999999999994,-0.9400000000000004,1441.2507519999995
-1.7800000000000002,1.5799999999999994,-0.5200000000000005,1170.2331519999998
-1.7800000000000002,1.5799999999999994,-0.10000000000000048,934.4955519999999
-1.7800000000000002,1.5799999999999994,0.3199999999999995,734.0379519999999
-1.7800000000000002,1.5799999999999994,0.7399999999999995,568.860352
-1.7800000000000002,1.5799999999999994,1.1599999999999995,438.96275200000014
-1.7800000000000002,1.5799999999999994,1.5799999999999994,344.34515200000027
-1.7800000000000002,1.5799999999999994,1.9999999999999993,285.0075520000004
-1.7800000000000002,1.9999999999999993,-2.2,3989.244255999997
-1.7800000000000002,1.9999999999999993,-1.7800000000000002,3486.084255999998
-1.7800000000000002,1.9999999999999993,-1.3600000000000003,3018.204255999998
-1.7800000000000002,1.9999999999999993,-0.9400000000000004,2585.604255999998
-1.7800000000000002,1.9999999999999993,-0.5200000000000005,2188.2842559999985
-1.7800000000000002,1.9999999999999993,-0.10000000000000048,1826.2442559999986
-1.7800000000000002,1.9999999999999993,0.3199999999999995,1499.4842559999988
-1.7800000000000002,1.9999999999999993,0.7399999999999995,1208.004255999999
-1.7800000000000002,1.9999999999999993,1.1599999999999995,951.8042559999993
-1.7800000000000002,1.9999999999999993,1.5799999999999994,730.8842559999995
-1.7800000000000002,1.9999999999999993,1.9999999999999993,545.2442559999996
-1.3600000000000003,-2.2,-2.2,6611.8956160000025
-1.3600000000000003,-2.2,-1.7800000000000002,6038.175616000002
-1.3600000000000003,-2.2,-1.3600000000000003,5499.735616000002
-1.3600000000000003,-2.2,-0.9400000000000004,4996.575616000002
-1.3600000000000003,-2.2,-0.5200000000000005,4528.695616000002
-1.3600000000000003,-2.2,-0.10000000000000048,4096.095616000001
-1.3600000000000003,-2.2,0.3199999999999995,3698.7756160000017
-1.3600000000000003,-2.2,0.7399999999999995,3336.735616000002
-1.3600000000000003,-2.2,1.1599999999999995,3009.975616000002
-1.3600000000000003,-2.2,1.5799999999999994,2718.495616000002
-1.3600000000000003,-2.2,1.9999999999999993,2462.2956160000017
-1.3600000000000003,-1.7800000000000002,-2.2,4212.669472000001
-1.3600000000000003,-1.7800000000000002,-1.7800000000000002,3779.3638720000017
-1.3600000000000003,-1.7800000000000002,-1.3600000000000003,3381.338272000002
-1.3600000000000003,-1.7800000000000002,-0.9400000000000004,3018.5926720000016
-1.3600000000000003,-1.7800000000000002,-0.5200000000000005,2691.1270720000016
-1.3600000000000003,-1.7800000000000002,-0.10000000000000048,2398.9414720000013
-1.3600000000000003,-1.7800000000000002,0.3199999999999995,2142.0358720000013
-1.3600000000000003,-1.7800000000000002,0.7399999999999995,1920.4102720000014
-1.3600000000000003,-1.7800000000000002,1.1599999999999995,1734.0646720000013
-1.3600000000000003,-1.7800000000000002,1.5799999999999994,1582.9990720000012
-1.3600000000000003,-1.7800000000000002,1.9999999999999993,1467.213472000001
-1.3600000000000003,-1.3600000000000003,-2.2,2681.2184320000015
-1.3600000000000003,-1.3600000000000003,-1.7800000000000002,2358.6920320000013
-1.3600000000000003,-1.3600000000000003,-1.3600000000000003,2071.4456320000013
-1.3600000000000003,-1.3600000000000003,-0.9400000000000004,1819.4792320000013
-1.3600000000000003,-1.3600000000000003,-0.5200000000000005,1602.7928320000012
-1.3600000000000003,-1.3600000000000003,-0.10000000000000048,1421.3864320000012
-1.3600000000000003,-1.3600000000000003,0.3199999999999995,1275.260032000001
-1.3600000000000003,-1.3600000000000003,0.7399999999999995,1164.413632000001
-1.3600000000000003,-1.3600000000000003,1.1599999999999995,1088.8472320000008
-1.3600000000000003,-1.3600000000000003,1.5799999999999994,1048.5608320000008
-1.3600000000000003,-1.3600000000000003,1.9999999999999993,1043.5544320000006
-1.3600000000000003,-0.9400000000000004,-2.2,1738.3789120000013
-1.3600000000000003,-0.9400000000000004,-1.7800000000000002,1496.996512000001
-1.3600000000000003,-0.9400000000000004,-1.3600000000000003,1290.8941120000013
-1.3600000000000003,-0.9400000000000004,-0.9400000000000004,1120.071712000001
-1.3600000000000003,-0.9400000000000004,-0.5200000000000005,984.529312000001
-1.3600000000000003,-0.9400000000000004,-0.10000000000000048,884.2669120000008
-1.3600000000000003,-0.9400000000000004,0.3199999999999995,819.2845120000007
-1.3600000000000003,-0.9400000000000004,0.7399999999999995,789.5821120000006
-1.3600000000000003,-0.9400000000000004,1.1599999999999995,795.1597120000006
-1.3600000000000003,-0.9400000000000004,1.5799999999999994,836.0173120000004
-1.3600000000000003,-0.9400000000000004,1.9999999999999993,912.1549120000003
-1.3600000000000003,-0.5200000000000005,-2.2,1179.668032000001
-1.3600000000000003,-0.5200000000000005,-1.7800000000000002,989.7944320000008
-1.3600000000000003,-0.5200000000000005,-1.3600000000000003,835.2008320000009
-1.3600000000000003,-0.5200000000000005,-0.9400000000000004,715.8872320000007
-1.3600000000000003,-0.5200000000000005,-0.5200000000000005,631.8536320000007
-1.3600000000000003,-0.5200000000000005,-0.10000000000000048,583.1000320000006
-1.3600000000000003,-0.5200000000000005,0.3199999999999995,569.6264320000006
-1.3600000000000003,-0.5200000000000005,0.7399999999999995,591.4328320000005
-1.3600000000000003,-0.5200000000000005,1.1599999999999995,648.5192320000004
-1.3600000000000003,-0.5200000000000005,1.5799999999999994,740.8856320000003
-1.3600000000000003,-0.5200000000000005,1.9999999999999993,868.5320320000003
-1.3600000000000003,-0.10000000000000048,-2.2,875.2836160000006
-1.3600000000000003,-0.10000000000000048,-1.7800000000000002,707.2836160000006
-1.3600000000000003,-0.10000000000000048,-1.3600000000000003,574.5636160000006
-1.3600000000000003,-0.10000000000000048,-0.9400000000000004,477.1236160000006
-1.3600000000000003,-0.10000000000000048,-0.5200000000000005,414.96361600000057
-1.3600000000000003,-0.10000000000000048,-0.10000000000000048,388.0836160000005
-1.3600000000000003,-0.10000000000000048,0.3199999999999995,396.48361600000044
-1.3600000000000003,-0.10000000000000048,0.7399999999999995,440.1636160000004
-1.3600000000000003,-0.10000000000000048,1.1599999999999995,519.1236160000003
-1.3600000000000003,-0.10000000000000048,1.5799999999999994,633.3636160000003
-1.3600000000000003,-0.10000000000000048,1.9999999999999993,782.8836160000003
-1.3600000000000003,0.3199999999999995,-2.2,770.1041920000004
-1.3600000000000003,0.3199999999999995,-1.7800000000000002,594.3425920000004
-1.3600000000000003,0.3199999999999995,-1.3600000000000003,453.86099200000035
-1.3600000000000003,0.3199999999999995,-0.9400000000000004,348.6593920000004
-1.3600000000000003,0.3199999999999995,-0.5200000000000005,278.7377920000004
-1.3600000000000003,0.3199999999999995,-0.10000000000000048,244.0961920000004
-1.3600000000000003,0.3199999999999995,0.3199999999999995,244.7345920000004
-1.3600000000000003,0.3199999999999995,0.7399999999999995,280.6529920000004
-1.3600000000000003,0.3199999999999995,1.1599999999999995,351.8513920000004
-1.3600000000000003,0.3199999999999995,1.5799999999999994,458.32979200000034
-1.3600000000000003,0.3199999999999995,1.9999999999999993,600.0881920000003
-1.3600000000000003,0.7399999999999995,-2.2,883.6889919999999
-1.3600000000000003,0.7399999999999995,-1.7800000000000002,670.530592
-1.3600000000000003,0.7399999999999995,-1.3600000000000003,492.6521920000001
-1.3600000000000003,0.7399999999999995,-0.9400000000000004,350.05379200000016
-1.3600000000000003,0.7399999999999995,-0.5200000000000005,242.7353920000002
-1.3600000000000003,0.7399999999999995,-0.10000000000000048,170.69699200000025
-1.3600000000000003,0.7399999999999995,0.3199999999999995,133.93859200000026
-1.3600000000000003,0.7399999999999995,0.7399999999999995,132.4601920000003
-1.3600000000000003,0.7399999999999995,1.1599999999999995,166.2617920000003
-1.3600000000000003,0.7399999999999995,1.5799999999999994,235.34339200000025
-1.3600000000000003,0.7399999999999995,1.9999999999999993,339.7049920000003
-1.3600000000000003,1.1599999999999995,-2.2,1310.2779519999995
-1.3600000000000003,1.1599999999999995,-1.7800000000000002,1030.0875519999997
-1.3600000000000003,1.1599999999999995,-1.3600000000000003,785.1771519999998
-1.3600000000000003,1.1599999999999995,-0.9400000000000004,575.5467519999999
-1.3600000000000003,1.1599999999999995,-0.5200000000000005,401.1963519999999
-1.3600000000000003,1.1599999999999995,-0.10000000000000048,262.125952
-1.3600000000000003,1.1599999999999995,0.3199999999999995,158.33555200000006
-1.3600000000000003,1.1599999999999995,0.7399999999999995,89.82515200000009
-1.3600000000000003,1.1599999999999995,1.1599999999999995,56.594752000000156
-1.3600000000000003,1.1599999999999995,1.5799999999999994,58.64435200000021
-1.3600000000000003,1.1599999999999995,1.9999999999999993,95.97395200000025
-1.3600000000000003,1.5799999999999994,-2.2,2218.791711999999
-1.3600000000000003,1.5799999999999994,-1.7800000000000002,1841.9341119999992
-1.3600000000000003,1.5799999999999994,-1.3600000000000003,1500.356511999999
-1.3600000000000003,1.5799999999999994,-0.9400000000000004,1194.058911999999
-1.3600000000000003,1.5799999999999994,-0.5200000000000005,923.0413119999993
-1.3600000000000003,1.5799999999999994,-0.10000000000000048,687.3037119999993
-1.3600000000000003,1.5799999999999994,0.3199999999999995,486.84611199999955
-1.3600000000000003,1.5799999999999994,0.7399999999999995,321.6685119999996
-1.3600000000000003,1.5799999999999994,1.1599999999999995,191.77091199999973
-1.3600000000000003,1.5799999999999994,1.5799999999999994,97.15331199999984
-1.3600000000000003,1.5799999999999994,1.9999999999999993,37.815711999999955
-1.3600000000000003,1.9999999999999993,-2.2,3852.8316159999968
-1.3600000000000003,1.9999999999999993,-1.7800000000000002,3349.6716159999974
-1.3600000000000003,1.9999999999999993,-1.3600000000000003,2881.7916159999977
-1.3600000000000003,1.9999999999999993,-0.9400000000000004,2449.1916159999973
-1.3600000000000003,1.9999999999999993,-0.5200000000000005,2051.871615999998
-1.3600000000000003,1.9999999999999993,-0.10000000000000048,1689.8316159999981
-1.3600000000000003,1.9999999999999993,0.3199999999999995,1363.0716159999984
-1.3600000000000003,1.9999999999999993,0.7399999999999995,1071.5916159999986
-1.3600000000000003,1.9999999999999993,1.1599999999999995,815.3916159999989
-1.3600000000000003,1.9999999999999993,1.5799999999999994,594.471615999999
-1.3600000000000003,1.9999999999999993,1.9999999999999993,408.83161599999914
-0.9400000000000004,-2.2,-2.2,5921.022496000002
-0.9400000000000004,-2.2,-1.7800000000000002,5347.302496000002
-0.9400000000000004,-2.2,-1.3600000000000003,4808.862496000002
-0.9400000000000004,-2.2,-0.9400000000000004,4305.702496000002
-0.9400000000000004,-2.2,-0.5200000000000005,3837.8224960000016
-0.9400000000000004,-2.2,-0.10000000000000048,3405.2224960000012
-0.9400000000000004,-2.2,0.3199999999999995,3007.9024960000015
-0.9400000000000004,-2.2,0.7399999999999995,2645.862496000002
-0.9400000000000004,-2.2,1.1599999999999995,2319.102496000002
-0.9400000000000004,-2.2,1.5799999999999994,2027.6224960000015
-0.9400000000000004,-2.2,1.9999999999999993,1771.4224960000015
-0.9400000000000004,-1.7800000000000002,-2.2,3602.9403520000014
-0.9400000000000004,-1.7800000000000002,-1.7800000000000002,3169.6347520000018
-0.9400000000000004,-1.7800000000000002,-1.3600000000000003,2771.609152000002
-0.9400000000000004,-1.7800000000000002,-0.9400000000000004,2408.8635520000016
-0.9400000000000004,-1.7800000000000002,-0.5200000000000005,2081.3979520000016
-0.9400000000000004,-1.7800000000000002,-0.10000000000000048,1789.2123520000014
-0.9400000000000004,-1.7800000000000002,0.3199999999999995,1532.3067520000013
-0.9400000000000004,-1.7800000000000002,0.7399999999999995,1310.6811520000015
-0.9400000000000004,-1.7800000000000002,1.1599999999999995,1124.3355520000014
-0.9400000000000004,-1.7800000000000002,1.5799999999999994,973.269952000001
-0.9400000000000004,-1.7800000000000002,1.9999999999999993,857.484352000001
-0.9400000000000004,-1.3600000000000003,-2.2,2152.6333120000013
-0.9400000000000004,-1.3600000000000003,-1.7800000000000002,1830.106912000001
-0.9400000000000004,-1.3600000000000003,-1.3600000000000003,1542.860512000001
-0.9400000000000004,-1.3600000000000003,-0.9400000000000004,1290.8941120000013
-0.9400000000000004,-1.3600000000000003,-0.5200000000000005,1074.2077120000013
-0.9400000000000004,-1.3600000000000003,-0.10000000000000048,892.8013120000011
-0.9400000000000004,-1.3600000000000003,0.3199999999999995,746.674912000001
-0.9400000000000004,-1.3600000000000003,0.7399999999999995,635.8285120000008
-0.9400000000000004,-1.3600000000000003,1.1599999999999995,560.2621120000008
-0.9400000000000004,-1.3600000000000003,1.5799999999999994,519.9757120000006
-0.9400000000000004,-1.3600000000000003,1.9999999999999993,514.9693120000005
-0.9400000000000004,-0.9400000000000004,-2.2,1290.937792000001
-0.9400000000000004,-0.9400000000000004,-1.7800000000000002,1049.5553920000011
-0.9400000000000004,-0.9400000000000004,-1.3600000000000003,843.452992000001
-0.9400000000000004,-0.9400000000000004,-0.9400000000000004,672.6305920000009
-0.9400000000000004,-0.9400000000000004,-0.5200000000000005,537.0881920000008
-0.9400000000000004,-0.9400000000000004,-0.10000000000000048,436.82579200000066
-0.9400000000000004,-0.9400000000000004,0.3199999999999995,371.84339200000056
-0.9400000000000004,-0.9400000000000004,0.7399999999999995,342.1409920000005
-0.9400000000000004,-0.9400000000000004,1.1599999999999995,347.7185920000004
-0.9400000000000004,-0.9400000000000004,1.5799999999999994,388.5761920000003
-0.9400000000000004,-0.9400000000000004,1.9999999999999993,464.7137920000001
-0.9400000000000004,-0.5200000000000005,-2.2,813.3709120000007
-0.9400000000000004,-0.5200000000000005,-1.7800000000000002,623.4973120000006
-0.9400000000000004,-0.5200000000000005,-1.3600000000000003,468.9037120000006
-0.9400000000000004,-0.5200000000000005,-0.9400000000000004,349.59011200000054
-0.9400000000000004,-0.5200000000000005,-0.5200000000000005,265.5565120000005
-0.9400000000000004,-0.5200000000000005,-0.10000000000000048,216.80291200000045
-0.9400000000000004,-0.5200000000000005,0.3199999999999995,203.32931200000036
-0.9400000000000004,-0.5200000000000005,0.7399999999999995,225.1357120000003
-0.9400000000000004,-0.5200000000000005,1.1599999999999995,282.2221120000002
-0.9400000000000004,-0.5200000000000005,1.5799999999999994,374.58851200000015
-0.9400000000000004,-0.5200000000000005,1.9999999999999993,502.234912
-0.9400000000000004,-0.10000000000000048,-2.2,590.1304960000004
-0.9400000000000004,-0.10000000000000048,-1.7800000000000002,422.1304960000003
-0.9400000000000004,-0.10000000000000048,-1.3600000000000003,289.4104960000003
-0.9400000000000004,-0.10000000000000048,-0.9400000000000004,191.9704960000003
-0.9400000000000004,-0.10000000000000048,-0.5200000000000005,129.81049600000028
-0.9400000000000004,-0.10000000000000048,-0.10000000000000048,102.93049600000023
-0.9400000000000004,-0.10000000000000048,0.3199999999999995,111.33049600000018
-0.9400000000000004,-0.10000000000000048,0.7399999999999995,155.01049600000013
-0.9400000000000004,-0.10000000000000048,1.1599999999999995,233.97049600000008
-0.9400000000000004,-0.10000000000000048,1.5799999999999994,348.21049600000003
-0.9400000000000004,-0.10000000000000048,1.9999999999999993,497.73049599999996
-0.9400000000000004,0.3199999999999995,-2.2,566.0950720000001
-0.9400000000000004,0.3199999999999995,-1.7800000000000002,390.3334720000001
-0.9400000000000004,0.3199999999999995,-1.3600000000000003,249.85187200000013
-0.9400000000000004,0.3199999999999995,-0.9400000000000004,144.65027200000014
-0.9400000000000004,0.3199999999999995,-0.5200000000000005,74.72867200000016
-0.9400000000000004,0.3199999999999995,-0.10000000000000048,40.08707200000015
-0.9400000000000004,0.3199999999999995,0.3199999999999995,40.72547200000013
-0.9400000000000004,0.3199999999999995,0.7399999999999995,76.64387200000013
-0.9400000000000004,0.3199999999999995,1.1599999999999995,147.84227200000012
-0.9400000000000004,0.3199999999999995,1.5799999999999994,254.32067200000012
-0.9400000000000004,0.3199999999999995,1.9999999999999993,396.079072
-0.9400000000000004,0.7399999999999995,-2.2,760.8238719999996
-0.9400000000000004,0.7399999999999995,-1.7800000000000002,547.6654719999997
-0.9400000000000004,0.7399999999999995,-1.3600000000000003,369.7870719999999
-0.9400000000000004,0.7399999999999995,-0.9400000000000004,227.18867199999988
-0.9400000000000004,0.7399999999999995,-0.5200000000000005,119.87027199999996
-0.9400000000000004,0.7399999999999995,-0.10000000000000048,47.831872000000004
-0.9400000000000004,0.7399999999999995,0.3199999999999995,11.073472000000027
-0.9400000000000004,0.7399999999999995,0.7399999999999995,9.595072000000044
-0.9400000000000004,0.7399999999999995,1.1599999999999995,43.39667200000006
-0.9400000000000004,0.7399999999999995,1.5799999999999994,112.47827200000002
-0.9400000000000004,0.7399999999999995,1.9999999999999993,216.839872
-0.9400000000000004,1.1599999999999995,-2.2,1268.5568319999993
-0.9400000000000004,1.1599999999999995,-1.7800000000000002,988.3664319999995
-0.9400000000000004,1.1599999999999995,-1.3600000000000003,743.4560319999995
-0.9400000000000004,1.1599999999999995,-0.9400000000000004,533.8256319999996
-0.9400000000000004,1.1599999999999995,-0.5200000000000005,359.47523199999966
-0.9400000000000004,1.1599999999999995,-0.10000000000000048,220.40483199999974
-0.9400000000000004,1.1599999999999995,0.3199999999999995,116.6144319999998
-0.9400000000000004,1.1599999999999995,0.7399999999999995,48.10403199999984
-0.9400000000000004,1.1599999999999995,1.1599999999999995,14.873631999999908
-0.9400000000000004,1.1599999999999995,1.5799999999999994,16.923231999999963
-0.9400000000000004,1.1599999999999995,1.9999999999999993,54.252832
-0.9400000000000004,1.5799999999999994,-2.2,2258.2145919999984
-0.9400000000000004,1.5799999999999994,-1.7800000000000002,1881.3569919999989
-0.9400000000000004,1.5799999999999994,-1.3600000000000003,1539.7793919999986
-0.9400000000000004,1.5799999999999994,-0.9400000000000004,1233.4817919999987
-0.9400000000000004,1.5799999999999994,-0.5200000000000005,962.464191999999
-0.9400000000000004,1.5799999999999994,-0.10000000000000048,726.7265919999991
-0.9400000000000004,1.5799999999999994,0.3199999999999995,526.2689919999992
-0.9400000000000004,1.5799999999999994,0.7399999999999995,361.09139199999936
-0.9400000000000004,1.5799999999999994,1.1599999999999995,231.1937919999995
-0.9400000000000004,1.5799999999999994,1.5799999999999994,136.5761919999996
-0.9400000000000004,1.5799999999999994,1.9999999999999993,77.2385919999997
-0.9400000000000004,1.9999999999999993,-2.2,3973.3984959999966
-0.9400000000000004,1.9999999999999993,-1.7800000000000002,3470.238495999997
-0.9400000000000004,1.9999999999999993,-1.3600000000000003,3002.3584959999976
-0.9400000000000004,1.9999999999999993,-0.9400000000000004,2569.758495999997
-0.9400000000000004,1.9999999999999993,-0.5200000000000005,2172.438495999998
-0.9400000000000004,1.9999999999999993,-0.10000000000000048,1810.398495999998
-0.9400000000000004,1.9999999999999993,0.3199999999999995,1483.6384959999982
-0.9400000000000004,1.9999999999999993,0.7399999999999995,1192.1584959999984
-0.9400000000000004,1.9999999999999993,1.1599999999999995,935.9584959999986
-0.9400000000000004,1.9999999999999993,1.5799999999999994,715.0384959999988
-0.9400000000000004,1.9999999999999993,1.9999999999999993,529.3984959999989
-0.5200000000000005,-2.2,-2.2,5578.998016000001
-0.5200000000000005,-2.2,-1.7800000000000002,5005.278016000001
-0.5200000000000005,-2.2,-1.3600000000000003,4466.8380160000015
-0.5200000000000005,-2.2,-0.9400000000000004,3963.6780160000017
-0.5200000000000005,-2.2,-0.5200000000000005,3495.7980160000016
-0.5200000000000005,-2.2,-0.10000000000000048,3063.198016000001
-0.5200000000000005,-2.2,0.3199999999999995,2665.8780160000015
-0.5200000000000005,-2.2,0.7399999999999995,2303.8380160000015
-0.5200000000000005,-2.2,1.1599999999999995,1977.0780160000013
-0.5200000000000005,-2.2,1.5799999999999994,1685.5980160000013
-0.5200000000000005,-2.2,1.9999999999999993,1429.398016000001
-0.5200000000000005,-1.7800000000000002,-2.2,3312.424672000001
-0.5200000000000005,-1.7800000000000002,-1.7800000000000002,2879.1190720000013
-0.5200000000000005,-1.7800000000000002,-1.3600000000000003,2481.0934720000014
-0.5200000000000005,-1.7800000000000002,-0.9400000000000004,2118.347872000001
-0.5200000000000005,-1.7800000000000002,-0.5200000000000005,1790.8822720000012
-0.5200000000000005,-1.7800000000000002,-0.10000000000000048,1498.6966720000012
-0.5200000000000005,-1.7800000000000002,0.3199999999999995,1241.7910720000011
-0.5200000000000005,-1.7800000000000002,0.7399999999999995,1020.165472000001
-0.5200000000000005,-1.7800000000000002,1.1599999999999995,833.8198720000009
-0.5200000000000005,-1.7800000000000002,1.5799999999999994,682.7542720000008
-0.5200000000000005,-1.7800000000000002,1.9999999999999993,566.9686720000007
-0.5200000000000005,-1.3600000000000003,-2.2,1913.6264320000012
-0.5200000000000005,-1.3600000000000003,-1.7800000000000002,1591.100032000001
-0.5200000000000005,-1.3600000000000003,-1.3600000000000003,1303.853632000001
-0.5200000000000005,-1.3600000000000003,-0.9400000000000004,1051.887232000001
-0.5200000000000005,-1.3600000000000003,-0.5200000000000005,835.2008320000009
-0.5200000000000005,-1.3600000000000003,-0.10000000000000048,653.7944320000008
-0.5200000000000005,-1.3600000000000003,0.3199999999999995,507.66803200000066
-0.5200000000000005,-1.3600000000000003,0.7399999999999995,396.82163200000053
-0.5200000000000005,-1.3600000000000003,1.1599999999999995,321.25523200000043
-0.5200000000000005,-1.3600000000000003,1.5799999999999994,280.96883200000036
-0.5200000000000005,-1.3600000000000003,1.9999999999999993,275.9624320000002
-0.5200000000000005,-0.9400000000000004,-2.2,1103.4397120000008
-0.5200000000000005,-0.9400000000000004,-1.7800000000000002,862.0573120000008
-0.5200000000000005,-0.9400000000000004,-1.3600000000000003,655.9549120000008
-0.5200000000000005,-0.9400000000000004,-0.9400000000000004,485.13251200000065
-0.5200000000000005,-0.9400000000000004,-0.5200000000000005,349.59011200000054
-0.5200000000000005,-0.9400000000000004,-0.10000000000000048,249.32771200000042
-0.5200000000000005,-0.9400000000000004,0.3199999999999995,184.34531200000035
-0.5200000000000005,-0.9400000000000004,0.7399999999999995,154.64291200000022
-0.5200000000000005,-0.9400000000000004,1.1599999999999995,160.22051200000013
-0.5200000000000005,-0.9400000000000004,1.5799999999999994,201.07811200000003
-0.5200000000000005,-0.9400000000000004,1.9999999999999993,277.21571199999994
-0.5200000000000005,-0.5200000000000005,-2.2,677.3816320000004
-0.5200000000000005,-0.5200000000000005,-1.7800000000000002,487.5080320000004
-0.5200000000000005,-0.5200000000000005,-1.3600000000000003,332.9144320000004
-0.5200000000000005,-0.5200000000000005,-0.9400000000000004,213.60083200000034
-0.5200000000000005,-0.5200000000000005,-0.5200000000000005,129.56723200000027
-0.5200000000000005,-0.5200000000000005,-0.10000000000000048,80.81363200000021
-0.5200000000000005,-0.5200000000000005,0.3199999999999995,67.34003200000012
-0.5200000000000005,-0.5200000000000005,0.7399999999999995,89.14643200000005
-0.5200000000000005,-0.5200000000000005,1.1599999999999995,146.23283199999997
-0.5200000000000005,-0.5200000000000005,1.5799999999999994,238.5992319999999
-0.5200000000000005,-0.5200000000000005,1.9999999999999993,366.2456319999998
-0.5200000000000005,-0.10000000000000048,-2.2,505.6500160000003
-0.5200000000000005,-0.10000000000000048,-1.7800000000000002,337.65001600000016
-0.5200000000000005,-0.10000000000000048,-1.3600000000000003,204.93001600000017
-0.5200000000000005,-0.10000000000000048,-0.9400000000000004,107.49001600000018
-0.5200000000000005,-0.10000000000000048,-0.5200000000000005,45.330016000000136
-0.5200000000000005,-0.10000000000000048,-0.10000000000000048,18.450016000000087
-0.5200000000000005,-0.10000000000000048,0.3199999999999995,26.85001600000004
-0.5200000000000005,-0.10000000000000048,0.7399999999999995,70.53001599999999
-0.5200000000000005,-0.10000000000000048,1.1599999999999995,149.49001599999994
-0.5200000000000005,-0.10000000000000048,1.5799999999999994,263.7300159999999
-0.5200000000000005,-0.10000000000000048,1.9999999999999993,413.25001599999985
-0.5200000000000005,0.3199999999999995,-2.2,533.123392
-0.5200000000000005,0.3199999999999995,-1.7800000000000002,357.361792
-0.5200000000000005,0.3199999999999995,-1.3600000000000003,216.88019199999997
-0.5200000000000005,0.3199999999999995,-0.9400000000000004,111.67859200000001
-0.5200000000000005,0.3199999999999995,-0.5200000000000005,41.75699200000002
-0.5200000000000005,0.3199999999999995,-0.10000000000000048,7.115391999999999
-0.5200000000000005,0.3199999999999995,0.3199999999999995,7.753791999999985
-0.5200000000000005,0.3199999999999995,0.7399999999999995,43.672191999999974
-0.5200000000000005,0.3199999999999995,1.1599999999999995,114.87059199999999
-0.5200000000000005,0.3199999999999995,1.5799999999999994,221.34899199999995
-0.5200000000000005,0.3199999999999995,1.9999999999999993,363.1073919999999
-0.5200000000000005,0.7399999999999995,-2.2,779.3609919999996
-0.5200000000000005,0.7399999999999995,-1.7800000000000002,566.2025919999996
-0.5200000000000005,0.7399999999999995,-1.3600000000000003,388.32419199999975
-0.5200000000000005,0.7399999999999995,-0.9400000000000004,245.72579199999979
-0.5200000000000005,0.7399999999999995,-0.5200000000000005,138.40739199999985
-0.5200000000000005,0.7399999999999995,-0.10000000000000048,66.36899199999988
-0.5200000000000005,0.7399999999999995,0.3199999999999995,29.610591999999905
-0.5200000000000005,0.7399999999999995,0.7399999999999995,28.13219199999992
-0.5200000000000005,0.7399999999999995,1.1599999999999995,61.93379199999994
-0.5200000000000005,0.7399999999999995,1.5799999999999994,131.0153919999999
-0.5200000000000005,0.7399999999999995,1.9999999999999993,235.37699199999992
-0.5200000000000005,1.1599999999999995,-2.2,1338.602751999999
-0.5200000000000005,1.1599999999999995,-1.7800000000000002,1058.4123519999994
-0.5200000000000005,1.1599999999999995,-1.3600000000000003,813.5019519999994
-0.5200000000000005,1.1599999999999995,-0.9400000000000004,603.8715519999995
-0.5200000000000005,1.1599999999999995,-0.5200000000000005,429.5211519999996
-0.5200000000000005,1.1599999999999995,-0.10000000000000048,290.4507519999996
-0.5200000000000005,1.1599999999999995,0.3199999999999995,186.6603519999997
-0.5200000000000005,1.1599999999999995,0.7399999999999995,118.14995199999974
-0.5200000000000005,1.1599999999999995,1.1599999999999995,84.91955199999981
-0.5200000000000005,1.1599999999999995,1.5799999999999994,86.96915199999987
-0.5200000000000005,1.1599999999999995,1.9999999999999993,124.2987519999999
-0.5200000000000005,1.5799999999999994,-2.2,2379.7693119999985
-0.5200000000000005,1.5799999999999994,-1.7800000000000002,2002.9117119999987
-0.5200000000000005,1.5799999999999994,-1.3600000000000003,1661.3341119999986
-0.5200000000000005,1.5799999999999994,-0.9400000000000004,1355.0365119999988
-0.5200000000000005,1.5799999999999994,-0.5200000000000005,1084.018911999999
-0.5200000000000005,1.5799999999999994,-0.10000000000000048,848.281311999999
-0.5200000000000005,1.5799999999999994,0.3199999999999995,647.8237119999992
-0.5200000000000005,1.5799999999999994,0.7399999999999995,482.6461119999993
-0.5200000000000005,1.5799999999999994,1.1599999999999995,352.74851199999944
-0.5200000000000005,1.5799999999999994,1.5799999999999994,258.1309119999995
-0.5200000000000005,1.5799999999999994,1.9999999999999993,198.79331199999962
-0.5200000000000005,1.9999999999999993,-2.2,4146.462015999997
-0.5200000000000005,1.9999999999999993,-1.7800000000000002,3643.302015999997
-0.5200000000000005,1.9999999999999993,-1.3600000000000003,3175.4220159999973
-0.5200000000000005,1.9999999999999993,-0.9400000000000004,2742.822015999997
-0.5200000000000005,1.9999999999999993,-0.5200000000000005,2345.5020159999976
-0.5200000000000005,1.9999999999999993,-0.10000000000000048,1983.462015999998
-0.5200000000000005,1.9999999999999993,0.3199999999999995,1656.7020159999981
-0.5200000000000005,1.9999999999999993,0.7399999999999995,1365.2220159999983
-0.5200000000000005,1.9999999999999993,1.1599999999999995,1109.0220159999985
-0.5200000000000005,1.9999999999999993,1.5799999999999994,888.1020159999987
-0.5200000000000005,1.9999999999999993,1.9999999999999993,702.4620159999988
-0.10000000000000048,-2.2,-2.2,5456.020000000001
-0.10000000000000048,-2.2,-1.7800000000000002,4882.300000000001
-0.10000000000000048,-2.2,-1.3600000000000003,4343.8600000000015
-0.10000000000000048,-2.2,-0.9400000000000004,3840.7000000000016
-0.10000000000000048,-2.2,-0.5200000000000005,3372.8200000000015
-0.10000000000000048,-2.2,-0.10000000000000048,2940.220000000001
-0.10000000000000048,-2.2,0.3199999999999995,2542.9000000000015
-0.10000000000000048,-2.2,0.7399999999999995,2180.8600000000015
-0.10000000000000048,-2.2,1.1599999999999995,1854.1000000000013
-0.10000000000000048,-2.2,1.5799999999999994,1562.620000000001
-0.10000000000000048,-2.2,1.9999999999999993,1306.420000000001
-0.10000000000000048,-1.7800000000000002,-2.2,3211.320256000001
-0.10000000000000048,-1.7800000000000002,-1.7800000000000002,2778.014656000001
-0.10000000000000048,-1.7800000000000002,-1.3600000000000003,2379.9890560000013
-0.10000000000000048,-1.7800000000000002,-0.9400000000000004,2017.243456000001
-0.10000000000000048,-1.7800000000000002,-0.5200000000000005,1689.777856000001
-0.10000000000000048,-1.7800000000000002,-0.10000000000000048,1397.592256000001
-0.10000000000000048,-1.7800000000000002,0.3199999999999995,1140.686656000001
-0.10000000000000048,-1.7800000000000002,0.7399999999999995,919.0610560000009
-0.10000000000000048,-1.7800000000000002,1.1599999999999995,732.7154560000008
-0.10000000000000048,-1.7800000000000002,1.5799999999999994,581.6498560000006
-0.10000000000000048,-1.7800000000000002,1.9999999999999993,465.8642560000004
-0.10000000000000048,-1.3600000000000003,-2.2,1834.395616000001
-0.10000000000000048,-1.3600000000000003,-1.7800000000000002,1511.8692160000007
-0.10000000000000048,-1.3600000000000003,-1.3600000000000003,1224.6228160000007
-0.10000000000000048,-1.3600000000000003,-0.9400000000000004,972.6564160000007
-0.10000000000000048,-1.3600000000000003,-0.5200000000000005,755.9700160000007
-0.10000000000000048,-1.3600000000000003,-0.10000000000000048,574.5636160000006
-0.10000000000000048,-1.3600000000000003,0.3199999999999995,428.4372160000005
-0.10000000000000048,-1.3600000000000003,0.7399999999999995,317.59081600000036
-0.10000000000000048,-1.3600000000000003,1.1599999999999995,242.02441600000026
-0.10000000000000048,-1.3600000000000003,1.5799999999999994,201.73801600000016
-0.10000000000000048,-1.3600000000000003,1.9999999999999993,196.73161600000006
-0.10000000000000048,-0.9400000000000004,-2.2,1046.0824960000007
-0.10000000000000048,-0.9400000000000004,-1.7800000000000002,804.7000960000007
-0.10000000000000048,-0.9400000000000004,-1.3600000000000003,598.5976960000007
-0.10000000000000048,-0.9400000000000004,-0.9400000000000004,427.77529600000054
-0.10000000000000048,-0.9400000000000004,-0.5200000000000005,292.2328960000005
-0.10000000000000048,-0.9400000000000004,-0.10000000000000048,191.9704960000003
-0.10000000000000048,-0.9400000000000004,0.3199999999999995,126.98809600000024
-0.10000000000000048,-0.9400000000000004,0.7399999999999995,97.28569600000014
-0.10000000000000048,-0.9400000000000004,1.1599999999999995,102.86329600000005
-0.10000000000000048,-0.9400000000000004,1.5799999999999994,143.72089599999993
-0.10000000000000048,-0.9400000000000004,1.9999999999999993,219.85849599999983
-0.10000000000000048,-0.5200000000000005,-2.2,641.8980160000003
-0.10000000000000048,-0.5200000000000005,-1.7800000000000002,452.0244160000003
-0.10000000000000048,-0.5200000000000005,-1.3600000000000003,297.43081600000033
-0.10000000000000048,-0.5200000000000005,-0.9400000000000004,178.11721600000027
-0.10000000000000048,-0.5200000000000005,-0.5200000000000005,94.0836160000002
-0.10000000000000048,-0.5200000000000005,-0.10000000000000048,45.330016000000136
-0.10000000000000048,-0.5200000000000005,0.3199999999999995,31.856416000000053
-0.10000000000000048,-0.5200000000000005,0.7399999999999995,53.66281599999998
-0.10000000000000048,-0.5200000000000005,1.1599999999999995,110.7492159999999
-0.10000000000000048,-0.5200000000000005,1.5799999999999994,203.11561599999982
-0.10000000000000048,-0.5200000000000005,1.9999999999999993,330.76201599999973
-0.10000000000000048,-0.10000000000000048,-2.2,492.0400000000002
-0.10000000000000048,-0.10000000000000048,-1.7800000000000002,324.0400000000001
-0.10000000000000048,-0.10000000000000048,-1.3600000000000003,191.3200000000001
-0.10000000000000048,-0.10000000000000048,-0.9400000000000004,93.88000000000012
-0.10000000000000048,-0.10000000000000048,-0.5200000000000005,31.720000000000073
-0.10000000000000048,-0.10000000000000048,-0.10000000000000048,4.8400000000000265
-0.10000000000000048,-0.10000000000000048,0.3199999999999995,13.239999999999977
-0.10000000000000048,-0.10000000000000048,0.7399999999999995,56.91999999999993
-0.10000000000000048,-0.10000000000000048,1.1599999999999995,135.87999999999988
-0.10000000000000048,-0.10000000000000048,1.5799999999999994,250.11999999999986
-0.10000000000000048,-0.10000000000000048,1.9999999999999993,399.63999999999976
-0.10000000000000048,0.3199999999999995,-2.2,541.3869759999999
-0.10000000000000048,0.3199999999999995,-1.7800000000000002,365.6253759999999
-0.10000000000000048,0.3199999999999995,-1.3600000000000003,225.14377599999995
-0.10000000000000048,0.3199999999999995,-0.9400000000000004,119.94217599999998
-0.10000000000000048,0.3199999999999995,-0.5200000000000005,50.02057599999999
-0.10000000000000048,0.3199999999999995,-0.10000000000000048,15.37897599999997
-0.10000000000000048,0.3199999999999995,0.3199999999999995,16.017375999999956
-0.10000000000000048,0.3199999999999995,0.7399999999999995,51.93577599999995
-0.10000000000000048,0.3199999999999995,1.1599999999999995,123.13417599999995
-0.10000000000000048,0.3199999999999995,1.5799999999999994,229.61257599999993
-0.10000000000000048,0.3199999999999995,1.9999999999999993,371.3709759999998
-0.10000000000000048,0.7399999999999995,-2.2,809.4981759999995
-0.10000000000000048,0.7399999999999995,-1.7800000000000002,596.3397759999996
-0.10000000000000048,0.7399999999999995,-1.3600000000000003,418.46137599999975
-0.10000000000000048,0.7399999999999995,-0.9400000000000004,275.8629759999998
-0.10000000000000048,0.7399999999999995,-0.5200000000000005,168.54457599999984
-0.10000000000000048,0.7399999999999995,-0.10000000000000048,96.50617599999988
-0.10000000000000048,0.7399999999999995,0.3199999999999995,59.74777599999991
-0.10000000000000048,0.7399999999999995,0.7399999999999995,58.26937599999992
-0.10000000000000048,0.7399999999999995,1.1599999999999995,92.07097599999994
-0.10000000000000048,0.7399999999999995,1.5799999999999994,161.1525759999999
-0.10000000000000048,0.7399999999999995,1.9999999999999993,265.5141759999999
-0.10000000000000048,1.1599999999999995,-2.2,1390.6135359999992
-0.10000000000000048,1.1599999999999995,-1.7800000000000002,1110.4231359999994
-0.10000000000000048,1.1599999999999995,-1.3600000000000003,865.5127359999994
-0.10000000000000048,1.1599999999999995,-0.9400000000000004,655.8823359999994
-0.10000000000000048,1.1599999999999995,-0.5200000000000005,481.5319359999996
-0.10000000000000048,1.1599999999999995,-0.10000000000000048,342.4615359999997
-0.10000000000000048,1.1599999999999995,0.3199999999999995,238.67113599999973
-0.10000000000000048,1.1599999999999995,0.7399999999999995,170.16073599999976
-0.10000000000000048,1.1599999999999995,1.1599999999999995,136.93033599999984
-0.10000000000000048,1.1599999999999995,1.5799999999999994,138.9799359999999
-0.10000000000000048,1.1599999999999995,1.9999999999999993,176.30953599999992
-0.10000000000000048,1.5799999999999994,-2.2,2453.6536959999985
-0.10000000000000048,1.5799999999999994,-1.7800000000000002,2076.796095999999
-0.10000000000000048,1.5799999999999994,-1.3600000000000003,1735.2184959999986
-0.10000000000000048,1.5799999999999994,-0.9400000000000004,1428.9208959999987
-0.10000000000000048,1.5799999999999994,-0.5200000000000005,1157.903295999999
-0.10000000000000048,1.5799999999999994,-0.10000000000000048,922.1656959999991
-0.10000000000000048,1.5799999999999994,0.3199999999999995,721.7080959999993
-0.10000000000000048,1.5799999999999994,0.7399999999999995,556.5304959999994
-0.10000000000000048,1.5799999999999994,1.1599999999999995,426.6328959999995
-0.10000000000000048,1.5799999999999994,1.5799999999999994,332.0152959999996
-0.10000000000000048,1.5799999999999994,1.9999999999999993,272.67769599999974
-0.10000000000000048,1.9999999999999993,-2.2,4242.219999999997
-0.10000000000000048,1.9999999999999993,-1.7800000000000002,3739.059999999997
-0.10000000000000048,1.9999999999999993,-1.3600000000000003,3271.1799999999976
-0.10000000000000048,1.9999999999999993,-0.9400000000000004,2838.579999999997
-0.10000000000000048,1.9999999999999993,-0.5200000000000005,2441.259999999998
-0.10000000000000048,1.9999999999999993,-0.10000000000000048,2079.219999999998
-0.10000000000000048,1.9999999999999993,0.3199999999999995,1752.4599999999982
-0.10000000000000048,1.9999999999999993,0.7399999999999995,1460.9799999999984
-0.10000000000000048,1.9999999999999993,1.1599999999999995,1204.7799999999986
-0.10000000000000048,1.9999999999999993,1.5799999999999994,983.8599999999988
-0.10000000000000048,1.9999999999999993,1.9999999999999993,798.2199999999989
0.3199999999999995,-2.2,-2.2,5496.9669760000015
0.3199999999999995,-2.2,-1.7800000000000002,4923.246976000001
0.3199999999999995,-2.2,-1.3600000000000003,4384.806976000001
0.3199999999999995,-2.2,-0.9400000000000004,3881.6469760000014
0.3199999999999995,-2.2,-0.5200000000000005,3413.7669760000013
0.3199999999999995,-2.2,-0.10000000000000048,2981.166976000001
0.3199999999999995,-2.2,0.3199999999999995,2583.846976000001
0.3199999999999995,-2.2,0.7399999999999995,2221.806976000001
0.3199999999999995,-2.2,1.1599999999999995,1895.046976000001
0.3199999999999995,-2.2,1.5799999999999994,1603.566976000001
0.3199999999999995,-2.2,1.9999999999999993,1347.3669760000007
0.3199999999999995,-1.7800000000000002,-2.2,3244.505632000001
0.3199999999999995,-1.7800000000000002,-1.7800000000000002,2811.200032000001
0.3199999999999995,-1.7800000000000002,-1.3600000000000003,2413.174432000001
0.3199999999999995,-1.7800000000000002,-0.9400000000000004,2050.428832000001
0.3199999999999995,-1.7800000000000002,-0.5200000000000005,1722.963232000001
0.3199999999999995,-1.7800000000000002,-0.10000000000000048,1430.777632000001
0.3199999999999995,-1.7800000000000002,0.3199999999999995,1173.872032000001
0.3199999999999995,-1.7800000000000002,0.7399999999999995,952.2464320000008
0.3199999999999995,-1.7800000000000002,1.1599999999999995,765.9008320000007
0.3199999999999995,-1.7800000000000002,1.5799999999999994,614.8352320000005
0.3199999999999995,-1.7800000000000002,1.9999999999999993,499.0496320000003
0.3199999999999995,-1.3600000000000003,-2.2,1859.8193920000008
0.3199999999999995,-1.3600000000000003,-1.7800000000000002,1537.2929920000006
0.3199999999999995,-1.3600000000000003,-1.3600000000000003,1250.0465920000006
0.3199999999999995,-1.3600000000000003,-0.9400000000000004,998.0801920000006
0.3199999999999995,-1.3600000000000003,-0.5200000000000005,781.3937920000005
0.3199999999999995,-1.3600000000000003,-0.10000000000000048,599.9873920000005
0.3199999999999995,-1.3600000000000003,0.3199999999999995,453.86099200000035
0.3199999999999995,-1.3600000000000003,0.7399999999999995,343.0145920000002
0.3199999999999995,-1.3600000000000003,1.1599999999999995,267.4481920000002
0.3199999999999995,-1.3600000000000003,1.5799999999999994,227.16179200000005
0.3199999999999995,-1.3600000000000003,1.9999999999999993,222.15539199999995
0.3199999999999995,-0.9400000000000004,-2.2,1063.7446720000007
0.3199999999999995,-0.9400000000000004,-1.7800000000000002,822.3622720000005
0.3199999999999995,-0.9400000000000004,-1.3600000000000003,616.2598720000005
0.3199999999999995,-0.9400000000000004,-0.9400000000000004,445.43747200000047
0.3199999999999995,-0.9400000000000004,-0.5200000000000005,309.89507200000037
0.3199999999999995,-0.9400000000000004,-0.10000000000000048,209.63267200000024
0.3199999999999995,-0.9400000000000004,0.3199999999999995,144.65027200000014
0.3199999999999995,-0.9400000000000004,0.7399999999999995,114.94787200000005
0.3199999999999995,-0.9400000000000004,1.1599999999999995,120.52547199999995
0.3199999999999995,-0.9400000000000004,1.5799999999999994,161.38307199999983
0.3199999999999995,-0.9400000000000004,1.9999999999999993,237.5206719999997
0.3199999999999995,-0.5200000000000005,-2.2,651.7985920000003
0.3199999999999995,-0.5200000000000005,-1.7800000000000002,461.92499200000026
0.3199999999999995,-0.5200000000000005,-1.3600000000000003,307.3313920000003
0.3199999999999995,-0.5200000000000005,-0.9400000000000004,188.0177920000002
0.3199999999999995,-0.5200000000000005,-0.5200000000000005,103.98419200000016
0.3199999999999995,-0.5200000000000005,-0.10000000000000048,55.2305920000001
0.3199999999999995,-0.5200000000000005,0.3199999999999995,41.75699200000002
0.3199999999999995,-0.5200000000000005,0.7399999999999995,63.563391999999936
0.3199999999999995,-0.5200000000000005,1.1599999999999995,120.64979199999986
0.3199999999999995,-0.5200000000000005,1.5799999999999994,213.01619199999976
0.3199999999999995,-0.5200000000000005,1.9999999999999993,340.6625919999997
0.3199999999999995,-0.10000000000000048,-2.2,494.1789760000002
0.3199999999999995,-0.10000000000000048,-1.7800000000000002,326.1789760000001
0.3199999999999995,-0.10000000000000048,-1.3600000000000003,193.4589760000001
0.3199999999999995,-0.10000000000000048,-0.9400000000000004,96.01897600000011
0.3199999999999995,-0.10000000000000048,-0.5200000000000005,33.85897600000007
0.3199999999999995,-0.10000000000000048,-0.10000000000000048,6.978976000000021
0.3199999999999995,-0.10000000000000048,0.3199999999999995,15.37897599999997
0.3199999999999995,-0.10000000000000048,0.7399999999999995,59.05897599999992
0.3199999999999995,-0.10000000000000048,1.1599999999999995,138.01897599999987
0.3199999999999995,-0.10000000000000048,1.5799999999999994,252.25897599999985
0.3199999999999995,-0.10000000000000048,1.9999999999999993,401.7789759999998
0.3199999999999995,0.3199999999999995,-2.2,535.7643519999999
0.3199999999999995,0.3199999999999995,-1.7800000000000002,360.002752
0.3199999999999995,0.3199999999999995,-1.3600000000000003,219.52115199999997
0.3199999999999995,0.3199999999999995,-0.9400000000000004,114.319552
0.3199999999999995,0.3199999999999995,-0.5200000000000005,44.39795200000002
0.3199999999999995,0.3199999999999995,-0.10000000000000048,9.756352
0.3199999999999995,0.3199999999999995,0.3199999999999995,10.394751999999986
0.3199999999999995,0.3199999999999995,0.7399999999999995,46.313151999999974
0.3199999999999995,0.3199999999999995,1.1599999999999995,117.51155199999998
0.3199999999999995,0.3199999999999995,1.5799999999999994,223.98995199999996
0.3199999999999995,0.3199999999999995,1.9999999999999993,365.7483519999999
0.3199999999999995,0.7399999999999995,-2.2,796.1139519999996
0.3199999999999995,0.7399999999999995,-1.7800000000000002,582.9555519999997
0.3199999999999995,0.7399999999999995,-1.3600000000000003,405.07715199999984
0.3199999999999995,0.7399999999999995,-0.9400000000000004,262.4787519999999
0.3199999999999995,0.7399999999999995,-0.5200000000000005,155.1603519999999
0.3199999999999995,0.7399999999999995,-0.10000000000000048,83.12195199999995
0.3199999999999995,0.7399999999999995,0.3199999999999995,46.36355199999998
0.3199999999999995,0.7399999999999995,0.7399999999999995,44.88515199999999
0.3199999999999995,0.7399999999999995,1.1599999999999995,78.68675200000001
0.3199999999999995,0.7399999999999995,1.5799999999999994,147.76835199999996
0.3199999999999995,0.7399999999999995,1.9999999999999993,252.12995199999997
0.3199999999999995,1.1599999999999995,-2.2,1369.4677119999994
0.3199999999999995,1.1599999999999995,-1.7800000000000002,1089.2773119999995
0.3199999999999995,1.1599999999999995,-1.3600000000000003,844.3669119999995
0.3199999999999995,1.1599999999999995,-0.9400000000000004,634.7365119999996
0.3199999999999995,1.1599999999999995,-0.5200000000000005,460.3861119999997
0.3199999999999995,1.1599999999999995,-0.10000000000000048,321.3157119999998
0.3199999999999995,1.1599999999999995,0.3199999999999995,217.52531199999987
0.3199999999999995,1.1599999999999995,0.7399999999999995,149.0149119999999
0.3199999999999995,1.1599999999999995,1.1599999999999995,115.78451199999996
0.3199999999999995,1.1599999999999995,1.5799999999999994,117.83411200000002
0.3199999999999995,1.1599999999999995,1.9999999999999993,155.16371200000006
0.3199999999999995,1.5799999999999994,-2.2,2424.7462719999985
0.3199999999999995,1.5799999999999994,-1.7800000000000002,2047.8886719999991
0.3199999999999995,1.5799999999999994,-1.3600000000000003,1706.3110719999988
0.3199999999999995,1.5799999999999994,-0.9400000000000004,1400.013471999999
0.3199999999999995,1.5799999999999994,-0.5200000000000005,1128.9958719999993
0.3199999999999995,1.5799999999999994,-0.10000000000000048,893.2582719999992
0.3199999999999995,1.5799999999999994,0.3199999999999995,692.8006719999994
0.3199999999999995,1.5799999999999994,0.7399999999999995,527.6230719999995
0.3199999999999995,1.5799999999999994,1.1599999999999995,397.7254719999996
0.3199999999999995,1.5799999999999994,1.5799999999999994,303.1078719999997
0.3199999999999995,1.5799999999999994,1.9999999999999993,243.77027199999986
0.3199999999999995,1.9999999999999993,-2.2,4205.550975999997
0.3199999999999995,1.9999999999999993,-1.7800000000000002,3702.3909759999974
0.3199999999999995,1.9999999999999993,-1.3600000000000003,3234.5109759999978
0.3199999999999995,1.9999999999999993,-0.9400000000000004,2801.9109759999974
0.3199999999999995,1.9999999999999993,-0.5200000000000005,2404.590975999998
0.3199999999999995,1.9999999999999993,-0.10000000000000048,2042.5509759999982
0.3199999999999995,1.9999999999999993,0.3199999999999995,1715.7909759999984
0.3199999999999995,1.9999999999999993,0.7399999999999995,1424.3109759999984
0.3199999999999995,1.9999999999999993,1.1599999999999995,1168.1109759999988
0.3199999999999995,1.9999999999999993,1.5799999999999994,947.190975999999
0.3199999999999995,1.9999999999999993,1.9999999999999993,761.5509759999991
0.7399999999999995,-2.2,-2.2,5721.398176000001
0.7399999999999995,-2.2,-1.7800000000000002,5147.678176000001
0.7399999999999995,-2.2,-1.3600000000000003,4609.238176000001
0.7399999999999995,-2.2,-0.9400000000000004,4106.078176000001
0.7399999999999995,-2.2,-0.5200000000000005,3638.198176000001
0.7399999999999995,-2.2,-0.10000000000000048,3205.5981760000004
0.7399999999999995,-2.2,0.3199999999999995,2808.2781760000007
0.7399999999999995,-2.2,0.7399999999999995,2446.2381760000007
0.7399999999999995,-2.2,1.1599999999999995,2119.4781760000005
0.7399999999999995,-2.2,1.5799999999999994,1827.9981760000005
0.7399999999999995,-2.2,1.9999999999999993,1571.7981760000005
0.7399999999999995,-1.7800000000000002,-2.2,3431.540032000001
0.7399999999999995,-1.7800000000000002,-1.7800000000000002,2998.234432000001
0.7399999999999995,-1.7800000000000002,-1.3600000000000003,2600.208832000001
0.7399999999999995,-1.7800000000000002,-0.9400000000000004,2237.4632320000005
0.7399999999999995,-1.7800000000000002,-0.5200000000000005,1909.9976320000005
0.7399999999999995,-1.7800000000000002,-0.10000000000000048,1617.8120320000007
0.7399999999999995,-1.7800000000000002,0.3199999999999995,1360.9064320000007
0.7399999999999995,-1.7800000000000002,0.7399999999999995,1139.2808320000004
0.7399999999999995,-1.7800000000000002,1.1599999999999995,952.9352320000005
0.7399999999999995,-1.7800000000000002,1.5799999999999994,801.8696320000001
0.7399999999999995,-1.7800000000000002,1.9999999999999993,686.0840320000001
0.7399999999999995,-1.3600000000000003,-2.2,2009.4569920000008
0.7399999999999995,-1.3600000000000003,-1.7800000000000002,1686.9305920000006
0.7399999999999995,-1.3600000000000003,-1.3600000000000003,1399.6841920000006
0.7399999999999995,-1.3600000000000003,-0.9400000000000004,1147.7177920000004
0.7399999999999995,-1.3600000000000003,-0.5200000000000005,931.0313920000004
0.7399999999999995,-1.3600000000000003,-0.10000000000000048,749.6249920000004
0.7399999999999995,-1.3600000000000003,0.3199999999999995,603.4985920000003
0.7399999999999995,-1.3600000000000003,0.7399999999999995,492.6521920000001
0.7399999999999995,-1.3600000000000003,1.1599999999999995,417.085792
0.7399999999999995,-1.3600000000000003,1.5799999999999994,376.79939199999995
0.7399999999999995,-1.3600000000000003,1.9999999999999993,371.7929919999998
0.7399999999999995,-0.9400000000000004,-2.2,1175.9854720000005
0.7399999999999995,-0.9400000000000004,-1.7800000000000002,934.6030720000005
0.7399999999999995,-0.9400000000000004,-1.3600000000000003,728.5006720000005
0.7399999999999995,-0.9400000000000004,-0.9400000000000004,557.6782720000003
0.7399999999999995,-0.9400000000000004,-0.5200000000000005,422.13587200000023
0.7399999999999995,-0.9400000000000004,-0.10000000000000048,321.8734720000001
0.7399999999999995,-0.9400000000000004,0.3199999999999995,256.891072
0.7399999999999995,-0.9400000000000004,0.7399999999999995,227.18867199999988
0.7399999999999995,-0.9400000000000004,1.1599999999999995,232.7662719999998
0.7399999999999995,-0.9400000000000004,1.5799999999999994,273.62387199999966
0.7399999999999995,-0.9400000000000004,1.9999999999999993,349.76147199999957
0.7399999999999995,-0.5200000000000005,-2.2,726.6425920000001
0.7399999999999995,-0.5200000000000005,-1.7800000000000002,536.7689920000001
0.7399999999999995,-0.5200000000000005,-1.3600000000000003,382.1753920000002
0.7399999999999995,-0.5200000000000005,-0.9400000000000004,262.86179200000015
0.7399999999999995,-0.5200000000000005,-0.5200000000000005,178.82819200000006
0.7399999999999995,-0.5200000000000005,-0.10000000000000048,130.074592
0.7399999999999995,-0.5200000000000005,0.3199999999999995,116.6009919999999
0.7399999999999995,-0.5200000000000005,0.7399999999999995,138.40739199999985
0.7399999999999995,-0.5200000000000005,1.1599999999999995,195.49379199999976
0.7399999999999995,-0.5200000000000005,1.5799999999999994,287.86019199999964
0.7399999999999995,-0.5200000000000005,1.9999999999999993,415.5065919999996
0.7399999999999995,-0.10000000000000048,-2.2,531.6261760000001
0.7399999999999995,-0.10000000000000048,-1.7800000000000002,363.62617600000004
0.7399999999999995,-0.10000000000000048,-1.3600000000000003,230.90617600000007
0.7399999999999995,-0.10000000000000048,-0.9400000000000004,133.46617600000008
0.7399999999999995,-0.10000000000000048,-0.5200000000000005,71.30617600000002
0.7399999999999995,-0.10000000000000048,-0.10000000000000048,44.426175999999984
0.7399999999999995,-0.10000000000000048,0.3199999999999995,52.82617599999993
0.7399999999999995,-0.10000000000000048,0.7399999999999995,96.50617599999988
0.7399999999999995,-0.10000000000000048,1.1599999999999995,175.46617599999985
0.7399999999999995,-0.10000000000000048,1.5799999999999994,289.7061759999998
0.7399999999999995,-0.10000000000000048,1.9999999999999993,439.2261759999997
0.7399999999999995,0.3199999999999995,-2.2,535.814752
0.7399999999999995,0.3199999999999995,-1.7800000000000002,360.05315199999995
0.7399999999999995,0.3199999999999995,-1.3600000000000003,219.57155199999997
0.7399999999999995,0.3199999999999995,-0.9400000000000004,114.369952
0.7399999999999995,0.3199999999999995,-0.5200000000000005,44.44835200000002
0.7399999999999995,0.3199999999999995,-0.10000000000000048,9.806752
0.7399999999999995,0.3199999999999995,0.3199999999999995,10.445151999999986
0.7399999999999995,0.3199999999999995,0.7399999999999995,46.36355199999998
0.7399999999999995,0.3199999999999995,1.1599999999999995,117.56195199999998
0.7399999999999995,0.3199999999999995,1.5799999999999994,224.04035199999996
0.7399999999999995,0.3199999999999995,1.9999999999999993,365.79875199999987
0.7399999999999995,0.7399999999999995,-2.2,758.7675519999996
0.7399999999999995,0.7399999999999995,-1.7800000000000002,545.6091519999997
0.7399999999999995,0.7399999999999995,-1.3600000000000003,367.7307519999999
0.7399999999999995,0.7399999999999995,-0.9400000000000004,225.13235199999988
0.7399999999999995,0.7399999999999995,-0.5200000000000005,117.81395199999993
0.7399999999999995,0.7399999999999995,-0.10000000000000048,45.775551999999976
0.7399999999999995,0.7399999999999995,0.3199999999999995,9.017152000000001
0.7399999999999995,0.7399999999999995,0.7399999999999995,7.538752000000019
0.7399999999999995,0.7399999999999995,1.1599999999999995,41.34035200000003
0.7399999999999995,0.7399999999999995,1.5799999999999994,110.42195199999999
0.7399999999999995,0.7399999999999995,1.9999999999999993,214.78355200000001
0.7399999999999995,1.1599999999999995,-2.2,1294.7245119999993
0.7399999999999995,1.1599999999999995,-1.7800000000000002,1014.5341119999995
0.7399999999999995,1.1599999999999995,-1.3600000000000003,769.6237119999995
0.7399999999999995,1.1599999999999995,-0.9400000000000004,559.9933119999996
0.7399999999999995,1.1599999999999995,-0.5200000000000005,385.64291199999974
0.7399999999999995,1.1599999999999995,-0.10000000000000048,246.57251199999985
0.7399999999999995,1.1599999999999995,0.3199999999999995,142.7821119999999
0.7399999999999995,1.1599999999999995,0.7399999999999995,74.27171199999992
0.7399999999999995,1.1599999999999995,1.1599999999999995,41.041312
0.7399999999999995,1.1599999999999995,1.5799999999999994,43.09091200000005
0.7399999999999995,1.1599999999999995,1.9999999999999993,80.42051200000009
0.7399999999999995,1.5799999999999994,-2.2,2312.6062719999986
0.7399999999999995,1.5799999999999994,-1.7800000000000002,1935.748671999999
0.7399999999999995,1.5799999999999994,-1.3600000000000003,1594.1710719999987
0.7399999999999995,1.5799999999999994,-0.9400000000000004,1287.8734719999989
0.7399999999999995,1.5799999999999994,-0.5200000000000005,1016.8558719999992
0.7399999999999995,1.5799999999999994,-0.10000000000000048,781.1182719999993
0.7399999999999995,1.5799999999999994,0.3199999999999995,580.6606719999994
0.7399999999999995,1.5799999999999994,0.7399999999999995,415.48307199999954
0.7399999999999995,1.5799999999999994,1.1599999999999995,285.58547199999964
0.7399999999999995,1.5799999999999994,1.5799999999999994,190.96787199999974
0.7399999999999995,1.5799999999999994,1.9999999999999993,131.63027199999988
0.7399999999999995,1.9999999999999993,-2.2,4056.014175999997
0.7399999999999995,1.9999999999999993,-1.7800000000000002,3552.8541759999976
0.7399999999999995,1.9999999999999993,-1.3600000000000003,3084.974175999998
0.7399999999999995,1.9999999999999993,-0.9400000000000004,2652.3741759999975
0.7399999999999995,1.9999999999999993,-0.5200000000000005,2255.0541759999983
0.7399999999999995,1.9999999999999993,-0.10000000000000048,1893.014175999998
0.7399999999999995,1.9999999999999993,0.3199999999999995,1566.2541759999983
0.7399999999999995,1.9999999999999993,0.7399999999999995,1274.7741759999985
0.7399999999999995,1.9999999999999993,1.1599999999999995,1018.5741759999989
0.7399999999999995,1.9999999999999993,1.5799999999999994,797.6541759999991
0.7399999999999995,1.9999999999999993,1.9999999999999993,612.0141759999992
1.1599999999999995,-2.2,-2.2,6223.553536000001
1.1599999999999995,-2.2,-1.7800000000000002,5649.833536
1.1599999999999995,-2.2,-1.3600000000000003,5111.3935360000005
1.1599999999999995,-2.2,-0.9400000000000004,4608.233536000001
1.1599999999999995,-2.2,-0.5200000000000005,4140.3535360000005
1.1599999999999995,-2.2,-0.10000000000000048,3707.753536
1.1599999999999995,-2.2,0.3199999999999995,3310.4335360000005
1.1599999999999995,-2.2,0.7399999999999995,2948.3935360000005
1.1599999999999995,-2.2,1.1599999999999995,2621.6335360000003
1.1599999999999995,-2.2,1.5799999999999994,2330.1535360000003
1.1599999999999995,-2.2,1.9999999999999993,2073.953536
1.1599999999999995,-1.7800000000000002,-2.2,3866.6633920000004
1.1599999999999995,-1.7800000000000002,-1.7800000000000002,3433.3577920000007
1.1599999999999995,-1.7800000000000002,-1.3600000000000003,3035.3321920000008
1.1599999999999995,-1.7800000000000002,-0.9400000000000004,2672.5865920000006
1.1599999999999995,-1.7800000000000002,-0.5200000000000005,2345.1209920000006
1.1599999999999995,-1.7800000000000002,-0.10000000000000048,2052.9353920000003
1.1599999999999995,-1.7800000000000002,0.3199999999999995,1796.0297920000003
1.1599999999999995,-1.7800000000000002,0.7399999999999995,1574.4041920000004
1.1599999999999995,-1.7800000000000002,1.1599999999999995,1388.0585920000003
1.1599999999999995,-1.7800000000000002,1.5799999999999994,1236.992992
1.1599999999999995,-1.7800000000000002,1.9999999999999993,1121.2073919999998
1.1599999999999995,-1.3600000000000003,-2.2,2377.5483520000002
1.1599999999999995,-1.3600000000000003,-1.7800000000000002,2055.021952
1.1599999999999995,-1.3600000000000003,-1.3600000000000003,1767.775552
1.1599999999999995,-1.3600000000000003,-0.9400000000000004,1515.8091520000003
1.1599999999999995,-1.3600000000000003,-0.5200000000000005,1299.1227520000002
1.1599999999999995,-1.3600000000000003,-0.10000000000000048,1117.716352
1.1599999999999995,-1.3600000000000003,0.3199999999999995,971.5899519999999
1.1599999999999995,-1.3600000000000003,0.7399999999999995,860.7435519999998
1.1599999999999995,-1.3600000000000003,1.1599999999999995,785.1771519999998
1.1599999999999995,-1.3600000000000003,1.5799999999999994,744.8907519999996
1.1599999999999995,-1.3600000000000003,1.9999999999999993,739.8843519999995
1.1599999999999995,-0.9400000000000004,-2.2,1477.0448320000003
1.1599999999999995,-0.9400000000000004,-1.7800000000000002,1235.662432
1.1599999999999995,-0.9400000000000004,-1.3600000000000003,1029.5600320000003
1.1599999999999995,-0.9400000000000004,-0.9400000000000004,858.7376320000001
1.1599999999999995,-0.9400000000000004,-0.5200000000000005,723.195232
1.1599999999999995,-0.9400000000000004,-0.10000000000000048,622.9328319999998
1.1599999999999995,-0.9400000000000004,0.3199999999999995,557.9504319999998
1.1599999999999995,-0.9400000000000004,0.7399999999999995,528.2480319999996
1.1599999999999995,-0.9400000000000004,1.1599999999999995,533.8256319999996
1.1599999999999995,-0.9400000000000004,1.5799999999999994,574.6832319999994
1.1599999999999995,-0.9400000000000004,1.9999999999999993,650.8208319999993
1.1599999999999995,-0.5200000000000005,-2.2,960.669952
1.1599999999999995,-0.5200000000000005,-1.7800000000000002,770.796352
1.1599999999999995,-0.5200000000000005,-1.3600000000000003,616.2027519999999
1.1599999999999995,-0.5200000000000005,-0.9400000000000004,496.8891519999999
1.1599999999999995,-0.5200000000000005,-0.5200000000000005,412.8555519999999
1.1599999999999995,-0.5200000000000005,-0.10000000000000048,364.10195199999976
1.1599999999999995,-0.5200000000000005,0.3199999999999995,350.6283519999997
1.1599999999999995,-0.5200000000000005,0.7399999999999995,372.4347519999996
1.1599999999999995,-0.5200000000000005,1.1599999999999995,429.5211519999996
1.1599999999999995,-0.5200000000000005,1.5799999999999994,521.8875519999995
1.1599999999999995,-0.5200000000000005,1.9999999999999993,649.5339519999993
1.1599999999999995,-0.10000000000000048,-2.2,698.621536
1.1599999999999995,-0.10000000000000048,-1.7800000000000002,530.6215359999999
1.1599999999999995,-0.10000000000000048,-1.3600000000000003,397.9015359999999
1.1599999999999995,-0.10000000000000048,-0.9400000000000004,300.4615359999999
1.1599999999999995,-0.10000000000000048,-0.5200000000000005,238.30153599999989
1.1599999999999995,-0.10000000000000048,-0.10000000000000048,211.42153599999983
1.1599999999999995,-0.10000000000000048,0.3199999999999995,219.82153599999978
1.1599999999999995,-0.10000000000000048,0.7399999999999995,263.50153599999976
1.1599999999999995,-0.10000000000000048,1.1599999999999995,342.4615359999997
1.1599999999999995,-0.10000000000000048,1.5799999999999994,456.7015359999997
1.1599999999999995,-0.10000000000000048,1.9999999999999993,606.2215359999996
1.1599999999999995,0.3199999999999995,-2.2,635.7781119999999
1.1599999999999995,0.3199999999999995,-1.7800000000000002,460.0165119999998
1.1599999999999995,0.3199999999999995,-1.3600000000000003,319.53491199999985
1.1599999999999995,0.3199999999999995,-0.9400000000000004,214.33331199999986
1.1599999999999995,0.3199999999999995,-0.5200000000000005,144.4117119999999
1.1599999999999995,0.3199999999999995,-0.10000000000000048,109.77011199999987
1.1599999999999995,0.3199999999999995,0.3199999999999995,110.40851199999986
1.1599999999999995,0.3199999999999995,0.7399999999999995,146.32691199999985
1.1599999999999995,0.3199999999999995,1.1599999999999995,217.52531199999987
1.1599999999999995,0.3199999999999995,1.5799999999999994,324.00371199999984
1.1599999999999995,0.3199999999999995,1.9999999999999993,465.7621119999998
1.1599999999999995,0.7399999999999995,-2.2,791.6989119999995
1.1599999999999995,0.7399999999999995,-1.7800000000000002,578.5405119999996
1.1599999999999995,0.7399999999999995,-1.3600000000000003,400.66211199999975
1.1599999999999995,0.7399999999999995,-0.9400000000000004,258.0637119999998
1.1599999999999995,0.7399999999999995,-0.5200000000000005,150.74531199999984
1.1599999999999995,0.7399999999999995,-0.10000000000000048,78.70691199999987
1.1599999999999995,0.7399999999999995,0.3199999999999995,41.9485119999999
1.1599999999999995,0.7399999999999995,0.7399999999999995,40.470111999999915
1.1599999999999995,0.7399999999999995,1.1599999999999995,74.27171199999992
1.1599999999999995,0.7399999999999995,1.5799999999999994,143.3533119999999
1.1599999999999995,0.7399999999999995,1.9999999999999993,247.7149119999999
1.1599999999999995,1.1599999999999995,-2.2,1260.6238719999992
1.1599999999999995,1.1599999999999995,-1.7800000000000002,980.4334719999995
1.1599999999999995,1.1599999999999995,-1.3600000000000003,735.5230719999995
1.1599999999999995,1.1599999999999995,-0.9400000000000004,525.8926719999996
1.1599999999999995,1.1599999999999995,-0.5200000000000005,351.5422719999997
1.1599999999999995,1.1599999999999995,-0.10000000000000048,212.4718719999998
1.1599999999999995,1.1599999999999995,0.3199999999999995,108.68147199999984
1.1599999999999995,1.1599999999999995,0.7399999999999995,40.17107199999988
1.1599999999999995,1.1599999999999995,1.1599999999999995,6.940671999999949
1.1599999999999995,1.1599999999999995,1.5799999999999994,8.990272000000003
1.1599999999999995,1.1599999999999995,1.9999999999999993,46.31987200000004
1.1599999999999995,1.5799999999999994,-2.2,2211.473631999999
1.1599999999999995,1.5799999999999994,-1.7800000000000002,1834.616031999999
1.1599999999999995,1.5799999999999994,-1.3600000000000003,1493.0384319999987
1.1599999999999995,1.5799999999999994,-0.9400000000000004,1186.7408319999988
1.1599999999999995,1.5799999999999994,-0.5200000000000005,915.7232319999993
1.1599999999999995,1.5799999999999994,-0.10000000000000048,679.9856319999993
1.1599999999999995,1.5799999999999994,0.3199999999999995,479.5280319999995
1.1599999999999995,1.5799999999999994,0.7399999999999995,314.35043199999956
1.1599999999999995,1.5799999999999994,1.1599999999999995,184.4528319999997
1.1599999999999995,1.5799999999999994,1.5799999999999994,89.83523199999979
1.1599999999999995,1.5799999999999994,1.9999999999999993,30.49763199999991
1.1599999999999995,1.9999999999999993,-2.2,3887.849535999997
1.1599999999999995,1.9999999999999993,-1.7800000000000002,3384.6895359999976
1.1599999999999995,1.9999999999999993,-1.3600000000000003,2916.809535999998
1.1599999999999995,1.9999999999999993,-0.9400000000000004,2484.2095359999976
1.1599999999999995,1.9999999999999993,-0.5200000000000005,2086.8895359999983
1.1599999999999995,1.9999999999999993,-0.10000000000000048,1724.8495359999984
1.1599999999999995,1.9999999999999993,0.3199999999999995,1398.0895359999986
1.1599999999999995,1.9999999999999993,0.7399999999999995,1106.6095359999988
1.1599999999999995,1.9999999999999993,1.1599999999999995,850.409535999999
1.1599999999999995,1.9999999999999993,1.5799999999999994,629.4895359999991
1.1599999999999995,1.9999999999999993,1.9999999999999993,443.84953599999926
1.5799999999999994,-2.2,-2.2,7172.353696
1.5799999999999994,-2.2,-1.7800000000000002,6598.633696
1.5799999999999994,-2.2,-1.3600000000000003,6060.193696
1.5799999999999994,-2.2,-0.9400000000000004,5557.033696
1.5799999999999994,-2.2,-0.5200000000000005,5089.153695999999
1.5799999999999994,-2.2,-0.10000000000000048,4656.553695999999
1.5799999999999994,-2.2,0.3199999999999995,4259.233695999999
1.5799999999999994,-2.2,0.7399999999999995,3897.1936960000003
1.5799999999999994,-2.2,1.1599999999999995,3570.433696
1.5799999999999994,-2.2,1.5799999999999994,3278.9536959999996
1.5799999999999994,-2.2,1.9999999999999993,3022.7536959999998
1.5799999999999994,-1.7800000000000002,-2.2,4718.796352
1.5799999999999994,-1.7800000000000002,-1.7800000000000002,4285.490752000001
1.5799999999999994,-1.7800000000000002,-1.3600000000000003,3887.4651520000007
1.5799999999999994,-1.7800000000000002,-0.9400000000000004,3524.719552
1.5799999999999994,-1.7800000000000002,-0.5200000000000005,3197.253952
1.5799999999999994,-1.7800000000000002,-0.10000000000000048,2905.0683520000002
1.5799999999999994,-1.7800000000000002,0.3199999999999995,2648.162752
1.5799999999999994,-1.7800000000000002,0.7399999999999995,2426.537152
1.5799999999999994,-1.7800000000000002,1.1599999999999995,2240.191552
1.5799999999999994,-1.7800000000000002,1.5799999999999994,2089.1259519999994
1.5799999999999994,-1.7800000000000002,1.9999999999999993,1973.3403519999995
1.5799999999999994,-1.3600000000000003,-2.2,3133.014112
1.5799999999999994,-1.3600000000000003,-1.7800000000000002,2810.487711999999
1.5799999999999994,-1.3600000000000003,-1.3600000000000003,2523.241311999999
1.5799999999999994,-1.3600000000000003,-0.9400000000000004,2271.2749119999994
1.5799999999999994,-1.3600000000000003,-0.5200000000000005,2054.5885119999994
1.5799999999999994,-1.3600000000000003,-0.10000000000000048,1873.1821119999993
1.5799999999999994,-1.3600000000000003,0.3199999999999995,1727.0557119999992
1.5799999999999994,-1.3600000000000003,0.7399999999999995,1616.209311999999
1.5799999999999994,-1.3600000000000003,1.1599999999999995,1540.642911999999
1.5799999999999994,-1.3600000000000003,1.5799999999999994,1500.356511999999
1.5799999999999994,-1.3600000000000003,1.9999999999999993,1495.3501119999987
1.5799999999999994,-0.9400000000000004,-2.2,2135.8433919999998
1.5799999999999994,-0.9400000000000004,-1.7800000000000002,1894.4609919999994
1.5799999999999994,-0.9400000000000004,-1.3600000000000003,1688.3585919999996
1.5799999999999994,-0.9400000000000004,-0.9400000000000004,1517.5361919999993
1.5799999999999994,-0.9400000000000004,-0.5200000000000005,1381.9937919999993
1.5799999999999994,-0.9400000000000004,-0.10000000000000048,1281.7313919999992
1.5799999999999994,-0.9400000000000004,0.3199999999999995,1216.7489919999991
1.5799999999999994,-0.9400000000000004,0.7399999999999995,1187.046591999999
1.5799999999999994,-0.9400000000000004,1.1599999999999995,1192.6241919999989
1.5799999999999994,-0.9400000000000004,1.5799999999999994,1233.4817919999987
1.5799999999999994,-0.9400000000000004,1.9999999999999993,1309.6193919999987
1.5799999999999994,-0.5200000000000005,-2.2,1522.8013119999996
1.5799999999999994,-0.5200000000000005,-1.7800000000000002,1332.9277119999995
1.5799999999999994,-0.5200000000000005,-1.3600000000000003,1178.3341119999995
1.5799999999999994,-0.5200000000000005,-0.9400000000000004,1059.0205119999994
1.5799999999999994,-0.5200000000000005,-0.5200000000000005,974.9869119999994
1.5799999999999994,-0.5200000000000005,-0.10000000000000048,926.2333119999993
1.5799999999999994,-0.5200000000000005,0.3199999999999995,912.7597119999992
1.5799999999999994,-0.5200000000000005,0.7399999999999995,934.5661119999992
1.5799999999999994,-0.5200000000000005,1.1599999999999995,991.6525119999991
1.5799999999999994,-0.5200000000000005,1.5799999999999994,1084.018911999999
1.5799999999999994,-0.5200000000000005,1.9999999999999993,1211.665311999999
1.5799999999999994,-0.10000000000000048,-2.2,1164.0856959999994
1.5799999999999994,-0.10000000000000048,-1.7800000000000002,996.0856959999994
1.5799999999999994,-0.10000000000000048,-1.3600000000000003,863.3656959999994
1.5799999999999994,-0.10000000000000048,-0.9400000000000004,765.9256959999994
1.5799999999999994,-0.10000000000000048,-0.5200000000000005,703.7656959999994
1.5799999999999994,-0.10000000000000048,-0.10000000000000048,676.8856959999993
1.5799999999999994,-0.10000000000000048,0.3199999999999995,685.2856959999992
1.5799999999999994,-0.10000000000000048,0.7399999999999995,728.9656959999992
1.5799999999999994,-0.10000000000000048,1.1599999999999995,807.9256959999991
1.5799999999999994,-0.10000000000000048,1.5799999999999994,922.1656959999991
1.5799999999999994,-0.10000000000000048,1.9999999999999993,1071.685695999999
1.5799999999999994,0.3199999999999995,-2.2,1004.5750719999994
1.5799999999999994,0.3199999999999995,-1.7800000000000002,828.8134719999994
1.5799999999999994,0.3199999999999995,-1.3600000000000003,688.3318719999994
1.5799999999999994,0.3199999999999995,-0.9400000000000004,583.1302719999994
1.5799999999999994,0.3199999999999995,-0.5200000000000005,513.2086719999995
1.5799999999999994,0.3199999999999995,-0.10000000000000048,478.5670719999995
1.5799999999999994,0.3199999999999995,0.3199999999999995,479.2054719999995
1.5799999999999994,0.3199999999999995,0.7399999999999995,515.1238719999994
1.5799999999999994,0.3199999999999995,1.1599999999999995,586.3222719999994
1.5799999999999994,0.3199999999999995,1.5799999999999994,692.8006719999994
1.5799999999999994,0.3199999999999995,1.9999999999999993,834.5590719999993
1.5799999999999994,0.7399999999999995,-2.2,1063.8286719999992
1.5799999999999994,0.7399999999999995,-1.7800000000000002,850.6702719999992
1.5799999999999994,0.7399999999999995,-1.3600000000000003,672.7918719999993
1.5799999999999994,0.7399999999999995,-0.9400000000000004,530.1934719999994
1.5799999999999994,0.7399999999999995,-0.5200000000000005,422.8750719999995
1.5799999999999994,0.7399999999999995,-0.10000000000000048,350.8366719999995
1.5799999999999994,0.7399999999999995,0.3199999999999995,314.0782719999995
1.5799999999999994,0.7399999999999995,0.7399999999999995,312.59987199999955
1.5799999999999994,0.7399999999999995,1.1599999999999995,346.40147199999956
1.5799999999999994,0.7399999999999995,1.5799999999999994,415.48307199999954
1.5799999999999994,0.7399999999999995,1.9999999999999993,519.8446719999995
1.5799999999999994,1.1599999999999995,-2.2,1436.086431999999
1.5799999999999994,1.1599999999999995,-1.7800000000000002,1155.8960319999992
1.5799999999999994,1.1599999999999995,-1.3600000000000003,910.9856319999992
1.5799999999999994,1.1599999999999995,-0.9400000000000004,701.3552319999993
1.5799999999999994,1.1599999999999995,-0.5200000000000005,527.0048319999994
1.5799999999999994,1.1599999999999995,-0.10000000000000048,387.93443199999945
1.5799999999999994,1.1599999999999995,0.3199999999999995,284.1440319999995
1.5799999999999994,1.1599999999999995,0.7399999999999995,215.63363199999958
1.5799999999999994,1.1599999999999995,1.1599999999999995,182.40323199999963
1.5799999999999994,1.1599999999999995,1.5799999999999994,184.4528319999997
1.5799999999999994,1.1599999999999995,1.9999999999999993,221.78243199999972
1.5799999999999994,1.5799999999999994,-2.2,2290.2689919999984
1.5799999999999994,1.5799999999999994,-1.7800000000000002,1913.4113919999988
1.5799999999999994,1.5799999999999994,-1.3600000000000003,1571.8337919999985
1.5799999999999994,1.5799999999999994,-0.9400000000000004,1265.5361919999987
1.5799999999999994,1.5799999999999994,-0.5200000000000005,994.518591999999
1.5799999999999994,1.5799999999999994,-0.10000000000000048,758.7809919999991
1.5799999999999994,1.5799999999999994,0.3199999999999995,558.3233919999992
1.5799999999999994,1.5799999999999994,0.7399999999999995,393.1457919999993
1.5799999999999994,1.5799999999999994,1.1599999999999995,263.24819199999945
1.5799999999999994,1.5799999999999994,1.5799999999999994,168.63059199999952
1.5799999999999994,1.5799999999999994,1.9999999999999993,109.29299199999964
1.5799999999999994,1.9999999999999993,-2.2,3869.9776959999967
1.5799999999999994,1.9999999999999993,-1.7800000000000002,3366.8176959999973
1.5799999999999994,1.9999999999999993,-1.3600000000000003,2898.9376959999977
1.5799999999999994,1.9999999999999993,-0.9400000000000004,2466.3376959999973
1.5799999999999994,1.9999999999999993,-0.5200000000000005,2069.017695999998
1.5799999999999994,1.9999999999999993,-0.10000000000000048,1706.977695999998
1.5799999999999994,1.9999999999999993,0.3199999999999995,1380.2176959999983
1.5799999999999994,1.9999999999999993,0.7399999999999995,1088.7376959999986
1.5799999999999994,1.9999999999999993,1.1599999999999995,832.5376959999988
1.5799999999999994,1.9999999999999993,1.5799999999999994,611.617695999999
1.5799999999999994,1.9999999999999993,1.9999999999999993,425.97769599999907
1.9999999999999993,-2.2,-2.2,8811.399999999998
1.9999999999999993,-2.2,-1.7800000000000002,8237.679999999998
1.9999999999999993,-2.2,-1.3600000000000003,7699.239999999998
1.9999999999999993,-2.2,-0.9400000000000004,7196.079999999998
1.9999999999999993,-2.2,-0.5200000000000005,6728.199999999998
1.9999999999999993,-2.2,-0.10000000000000048,6295.599999999998
1.9999999999999993,-2.2,0.3199999999999995,5898.279999999998
1.9999999999999993,-2.2,0.7399999999999995,5536.239999999998
1.9999999999999993,-2.2,1.1599999999999995,5209.479999999998
1.9999999999999993,-2.2,1.5799999999999994,4917.999999999998
1.9999999999999993,-2.2,1.9999999999999993,4661.799999999997
1.9999999999999993,-1.7800000000000002,-2.2,6231.540255999998
1.9999999999999993,-1.7800000000000002,-1.7800000000000002,5798.234655999999
1.9999999999999993,-1.7800000000000002,-1.3600000000000003,5400.209055999999
1.9999999999999993,-1.7800000000000002,-0.9400000000000004,5037.463455999999
1.9999999999999993,-1.7800000000000002,-0.5200000000000005,4709.997855999998
1.9999999999999993,-1.7800000000000002,-0.10000000000000048,4417.812255999998
1.9999999999999993,-1.7800000000000002,0.3199999999999995,4160.906655999998
1.9999999999999993,-1.7800000000000002,0.7399999999999995,3939.281055999998
1.9999999999999993,-1.7800000000000002,1.1599999999999995,3752.9354559999983
1.9999999999999993,-1.7800000000000002,1.5799999999999994,3601.869855999998
1.9999999999999993,-1.7800000000000002,1.9999999999999993,3486.084255999998
1.9999999999999993,-1.3600000000000003,-2.2,4519.455615999998
1.9999999999999993,-1.3600000000000003,-1.7800000000000002,4196.929215999999
1.9999999999999993,-1.3600000000000003,-1.3600000000000003,3909.6828159999986
1.9999999999999993,-1.3600000000000003,-0.9400000000000004,3657.7164159999984
1.9999999999999993,-1.3600000000000003,-0.5200000000000005,3441.0300159999983
1.9999999999999993,-1.3600000000000003,-0.10000000000000048,3259.623615999998
1.9999999999999993,-1.3600000000000003,0.3199999999999995,3113.497215999998
1.9999999999999993,-1.3600000000000003,0.7399999999999995,3002.650815999998
1.9999999999999993,-1.3600000000000003,1.1599999999999995,2927.084415999998
1.9999999999999993,-1.3600000000000003,1.5799999999999994,2886.798015999998
1.9999999999999993,-1.3600000000000003,1.9999999999999993,2881.7916159999977
1.9999999999999993,-0.9400000000000004,-2.2,3395.982495999998
1.9999999999999993,-0.9400000000000004,-1.7800000000000002,3154.600095999998
1.9999999999999993,-0.9400000000000004,-1.3600000000000003,2948.497695999998
1.9999999999999993,-0.9400000000000004,-0.9400000000000004,2777.6752959999976
1.9999999999999993,-0.9400000000000004,-0.5200000000000005,2642.132895999998
1.9999999999999993,-0.9400000000000004,-0.10000000000000048,2541.8704959999977
1.9999999999999993,-0.9400000000000004,0.3199999999999995,2476.8880959999974
1.9999999999999993,-0.9400000000000004,0.7399999999999995,2447.1856959999973
1.9999999999999993,-0.9400000000000004,1.1599999999999995,2452.7632959999974
1.9999999999999993,-0.9400000000000004,1.5799999999999994,2493.620895999997
1.9999999999999993,-0.9400000000000004,1.9999999999999993,2569.758495999997
1.9999999999999993,-0.5200000000000005,-2.2,2656.6380159999985
1.9999999999999993,-0.5200000000000005,-1.7800000000000002,2466.764415999998
1.9999999999999993,-0.5200000000000005,-1.3600000000000003,2312.1708159999985
1.9999999999999993,-0.5200000000000005,-0.9400000000000004,2192.8572159999985
1.9999999999999993,-0.5200000000000005,-0.5200000000000005,2108.8236159999983
1.9999999999999993,-0.5200000000000005,-0.10000000000000048,2060.0700159999983
1.9999999999999993,-0.5200000000000005,0.3199999999999995,2046.596415999998
1.9999999999999993,-0.5200000000000005,0.7399999999999995,2068.402815999998
1.9999999999999993,-0.5200000000000005,1.1599999999999995,2125.489215999998
1.9999999999999993,-0.5200000000000005,1.5799999999999994,2217.855615999998
1.9999999999999993,-0.5200000000000005,1.9999999999999993,2345.5020159999976
1.9999999999999993,-0.10000000000000048,-2.2,2171.6199999999985
1.9999999999999993,-0.10000000000000048,-1.7800000000000002,2003.6199999999983
1.9999999999999993,-0.10000000000000048,-1.3600000000000003,1870.8999999999983
1.9999999999999993,-0.10000000000000048,-0.9400000000000004,1773.4599999999982
1.9999999999999993,-0.10000000000000048,-0.5200000000000005,1711.2999999999981
1.9999999999999993,-0.10000000000000048,-0.10000000000000048,1684.4199999999983
1.9999999999999993,-0.10000000000000048,0.3199999999999995,1692.8199999999981
1.9999999999999993,-0.10000000000000048,0.7399999999999995,1736.4999999999982
1.9999999999999993,-0.10000000000000048,1.1599999999999995,1815.459999999998
1.9999999999999993,-0.10000000000000048,1.5799999999999994,1929.699999999998
1.9999999999999993,-0.10000000000000048,1.9999999999999993,2079.219999999998
1.9999999999999993,0.3199999999999995,-2.2,1885.8069759999985
1.9999999999999993,0.3199999999999995,-1.7800000000000002,1710.0453759999984
1.9999999999999993,0.3199999999999995,-1.3600000000000003,1569.5637759999984
1.9999999999999993,0.3199999999999995,-0.9400000000000004,1464.3621759999985
1.9999999999999993,0.3199999999999995,-0.5200000000000005,1394.4405759999984
1.9999999999999993,0.3199999999999995,-0.10000000000000048,1359.7989759999984
1.9999999999999993,0.3199999999999995,0.3199999999999995,1360.4373759999985
1.9999999999999993,0.3199999999999995,0.7399999999999995,1396.3557759999985
1.9999999999999993,0.3199999999999995,1.1599999999999995,1467.5541759999985
1.9999999999999993,0.3199999999999995,1.5799999999999994,1574.0325759999985
1.9999999999999993,0.3199999999999995,1.9999999999999993,1715.7909759999984
1.9999999999999993,0.7399999999999995,-2.2,1818.7581759999982
1.9999999999999993,0.7399999999999995,-1.7800000000000002,1605.5997759999982
1.9999999999999993,0.7399999999999995,-1.3600000000000003,1427.7213759999986
1.9999999999999993,0.7399999999999995,-0.9400000000000004,1285.1229759999985
1.9999999999999993,0.7399999999999995,-0.5200000000000005,1177.8045759999986
1.9999999999999993,0.7399999999999995,-0.10000000000000048,1105.7661759999985
1.9999999999999993,0.7399999999999995,0.3199999999999995,1069.0077759999986
1.9999999999999993,0.7399999999999995,0.7399999999999995,1067.5293759999986
1.9999999999999993,0.7399999999999995,1.1599999999999995,1101.3309759999986
1.9999999999999993,0.7399999999999995,1.5799999999999994,1170.4125759999986
1.9999999999999993,0.7399999999999995,1.9999999999999993,1274.7741759999985
1.9999999999999993,1.1599999999999995,-2.2,2064.7135359999984
1.9999999999999993,1.1599999999999995,-1.7800000000000002,1784.5231359999984
1.9999999999999993,1.1599999999999995,-1.3600000000000003,1539.6127359999984
1.9999999999999993,1.1599999999999995,-0.9400000000000004,1329.9823359999987
1.9999999999999993,1.1599999999999995,-0.5200000000000005,1155.6319359999986
1.9999999999999993,1.1599999999999995,-0.10000000000000048,1016.5615359999988
1.9999999999999993,1.1599999999999995,0.3199999999999995,912.7711359999988
1.9999999999999993,1.1599999999999995,0.7399999999999995,844.2607359999988
1.9999999999999993,1.1599999999999995,1.1599999999999995,811.0303359999989
1.9999999999999993,1.1599999999999995,1.5799999999999994,813.079935999999
1.9999999999999993,1.1599999999999995,1.9999999999999993,850.409535999999
1.9999999999999993,1.5799999999999994,-2.2,2792.5936959999976
1.9999999999999993,1.5799999999999994,-1.7800000000000002,2415.7360959999983
1.9999999999999993,1.5799999999999994,-1.3600000000000003,2074.1584959999977
1.9999999999999993,1.5799999999999994,-0.9400000000000004,1767.8608959999979
1.9999999999999993,1.5799999999999994,-0.5200000000000005,1496.8432959999982
1.9999999999999993,1.5799999999999994,-0.10000000000000048,1261.1056959999983
1.9999999999999993,1.5799999999999994,0.3199999999999995,1060.6480959999985
1.9999999999999993,1.5799999999999994,0.7399999999999995,895.4704959999985
1.9999999999999993,1.5799999999999994,1.1599999999999995,765.5728959999988
1.9999999999999993,1.5799999999999994,1.5799999999999994,670.9552959999988
1.9999999999999993,1.5799999999999994,1.9999999999999993,611.617695999999
1.9999999999999993,1.9999999999999993,-2.2,4245.999999999996
1.9999999999999993,1.9999999999999993,-1.7800000000000002,3742.8399999999965
1.9999999999999993,1.9999999999999993,-1.3600000000000003,3274.959999999997
1.9999999999999993,1.9999999999999993,-0.9400000000000004,2842.3599999999965
1.9999999999999993,1.9999999999999993,-0.5200000000000005,2445.0399999999972
1.9999999999999993,1.9999999999999993,-0.10000000000000048,2082.9999999999973
1.9999999999999993,1.9999999999999993,0.3199999999999995,1756.2399999999975
1.9999999999999993,1.9999999999999993,0.7399999999999995,1464.759999999998
1.9999999999999993,1.9999999999999993,1.1599999999999995,1208.5599999999981
1.9999999999999993,1.9999999999999993,1.5799999999999994,987.6399999999983
1.9999999999999993,1.9999999999999993,1.9999999999999993,801.9999999999984
